			
275	0.00550611	2.37745e+06	13090.50122
275.333	0.00563207	2.37791e+06	13392.55557
275.667	0.00576055	2.37837e+06	13700.7193
276	0.00589159	2.37883e+06	14015.09104
276.333	0.00602524	2.37929e+06	14335.79328
276.667	0.00616153	2.37974e+06	14662.8394
277	0.00630051	2.3802e+06	14996.4739
277.333	0.00644224	2.38066e+06	15336.78308
277.667	0.00658674	2.38112e+06	15683.81835
278	0.00673407	2.38158e+06	16037.72643
278.333	0.00688427	2.38204e+06	16398.60651
278.667	0.0070374	2.38249e+06	16766.53513
279	0.00719349	2.38295e+06	17141.727
279.333	0.0073526	2.38341e+06	17524.26037
279.667	0.00751478	2.38387e+06	17914.2586
280	0.00768008	2.38432e+06	18311.76835
280.333	0.00784854	2.38478e+06	18717.04122
280.667	0.00802022	2.38524e+06	19130.14955
281	0.00819517	2.3857e+06	19551.21707
281.333	0.00837343	2.38616e+06	19980.34373
281.667	0.00855508	2.38661e+06	20417.63948
282	0.00874014	2.38707e+06	20863.32599
282.333	0.0089287	2.38753e+06	21317.53911
282.667	0.00912078	2.38798e+06	21780.24022
283	0.00931646	2.38844e+06	22251.80572
283.333	0.00951578	2.3889e+06	22732.24684
283.667	0.00971881	2.38936e+06	23221.73586
284	0.00992561	2.38981e+06	23720.32203
284.333	0.0101362	2.39027e+06	24228.25477
284.667	0.0103507	2.39073e+06	24745.72901
285	0.0105691	2.39118e+06	25272.62054
285.333	0.0107916	2.39164e+06	25809.62222
285.667	0.0110181	2.3921e+06	26356.39701
286	0.0112487	2.39255e+06	26913.07719
286.333	0.0114835	2.39301e+06	27480.13034
286.667	0.0117225	2.39346e+06	28057.33485
287	0.0119659	2.39392e+06	28645.40733
287.333	0.0122136	2.39438e+06	29243.99957
287.667	0.0124657	2.39483e+06	29853.23233
288	0.0127224	2.39529e+06	30473.8375
288.333	0.0129837	2.39574e+06	31105.56944
288.667	0.0132496	2.3962e+06	31748.69152
289	0.0135202	2.39666e+06	32403.32253
289.333	0.0137956	2.39711e+06	33069.57072
289.667	0.0140758	2.39757e+06	33747.71581
290	0.014361	2.39802e+06	34437.96522
290.333	0.0146511	2.39848e+06	35140.37033
290.667	0.0149463	2.39893e+06	35855.12746
291	0.0152467	2.39939e+06	36582.77951
291.333	0.0155522	2.39984e+06	37322.79165
291.667	0.0158631	2.4003e+06	38076.19893
292	0.0161793	2.40075e+06	38842.45448
292.333	0.0165009	2.40121e+06	39622.12609
292.667	0.0168281	2.40166e+06	40415.37465
293	0.0171609	2.40212e+06	41222.54111
293.333	0.0174993	2.40257e+06	42043.2932
293.667	0.0178435	2.40303e+06	42878.46581
294	0.0181935	2.40348e+06	43727.71338
294.333	0.0185495	2.40394e+06	44591.88503
294.667	0.0189114	2.40439e+06	45470.38105
295	0.0192794	2.40484e+06	46363.8723
295.333	0.0196536	2.4053e+06	47272.80408
295.667	0.020034	2.40575e+06	48196.7955
296	0.0204208	2.40621e+06	49136.73317
296.333	0.020814	2.40666e+06	50092.22124
296.667	0.0212137	2.40711e+06	51063.70941
297	0.02162	2.40757e+06	52051.6634
297.333	0.022033	2.40802e+06	53055.90466
297.667	0.0224527	2.40847e+06	54076.65437
298	0.0228794	2.40893e+06	55114.87304
298.333	0.023313	2.40938e+06	56169.87594
298.667	0.0237536	2.40983e+06	57242.13789
299	0.0242014	2.41028e+06	58332.15039
299.333	0.0246565	2.41074e+06	59440.41081
299.667	0.0251189	2.41119e+06	60566.44049
300	0.0255887	2.41164e+06	61710.73247
300.333	0.0260661	2.41209e+06	62873.77915
300.667	0.0265511	2.41255e+06	64055.85631
301	0.0270438	2.413e+06	65256.6894
301.333	0.0275444	2.41345e+06	66477.03218
301.667	0.0280529	2.4139e+06	67716.89531
302	0.0285695	2.41435e+06	68976.77233
302.333	0.0290942	2.41481e+06	70256.9651
302.667	0.0296271	2.41526e+06	71557.14955
303	0.0301684	2.41571e+06	72878.10556
303.333	0.0307182	2.41616e+06	74220.08611
303.667	0.0312765	2.41661e+06	75583.10267
304	0.0318435	2.41706e+06	76967.65011
304.333	0.0324193	2.41751e+06	78373.98194
304.667	0.033004	2.41796e+06	79802.35184
305	0.0335977	2.41842e+06	81253.34963
305.333	0.0342005	2.41887e+06	82726.56344
305.667	0.0348126	2.41932e+06	84222.81943
306	0.035434	2.41977e+06	85742.13018
306.333	0.0360649	2.42022e+06	87284.99228
306.667	0.0367053	2.42067e+06	88851.41855
307	0.0373555	2.42112e+06	90442.14816
307.333	0.0380155	2.42157e+06	92057.19434
307.667	0.0386855	2.42202e+06	93697.05471
308	0.0393655	2.42247e+06	95361.74279
308.333	0.0400556	2.42291e+06	97051.1138
308.667	0.0407562	2.42336e+06	98766.94483
309	0.0414671	2.42381e+06	100508.3717
309.333	0.0421886	2.42426e+06	102276.1354
309.667	0.0429208	2.42471e+06	104070.493
310	0.0436638	2.42516e+06	105891.7012
310.333	0.0444177	2.42561e+06	107740.0173
310.667	0.0451827	2.42606e+06	109615.9412
311	0.045959	2.4265e+06	111519.5135
311.333	0.0467465	2.42695e+06	113451.4182
311.667	0.0475456	2.4274e+06	115412.1894
312	0.0483562	2.42785e+06	117401.6002
312.333	0.0491786	2.4283e+06	119420.3944
312.667	0.0500129	2.42874e+06	121468.3307
313	0.0508592	2.42919e+06	123546.66
313.333	0.0517176	2.42964e+06	125655.1497
313.667	0.0525883	2.43009e+06	127794.3019
314	0.0534715	2.43053e+06	129964.0849
314.333	0.0543673	2.43098e+06	132165.819
314.667	0.0552758	2.43143e+06	134399.2384
315	0.0561972	2.43187e+06	136664.2848
315.333	0.0571315	2.43232e+06	138962.0901
315.667	0.0580791	2.43276e+06	141292.5113
316	0.0590399	2.43321e+06	143656.4751
316.333	0.0600143	2.43366e+06	146054.4013
316.667	0.0610022	2.4341e+06	148485.455
317	0.0620039	2.43455e+06	150951.5947
317.333	0.0630196	2.43499e+06	153452.0958
317.667	0.0640493	2.43544e+06	155988.2272
318	0.0650932	2.43588e+06	158559.224
318.333	0.0661516	2.43633e+06	161167.1276
318.667	0.0672245	2.43677e+06	163810.6449
319	0.0683121	2.43722e+06	166491.6164
319.333	0.0694145	2.43766e+06	169208.9501
319.667	0.070532	2.4381e+06	171964.0692
320	0.0716647	2.43855e+06	174757.9542
320.333	0.0728128	2.43899e+06	177589.6911
320.667	0.0739763	2.43943e+06	180460.0055
321	0.0751556	2.43988e+06	183370.6453
321.333	0.0763508	2.44032e+06	186320.3843
321.667	0.0775619	2.44076e+06	189309.983
322	0.0787893	2.44121e+06	192341.2271
322.333	0.080033	2.44165e+06	195412.5745
322.667	0.0812933	2.44209e+06	198525.555
323	0.0825704	2.44253e+06	201680.6791
323.333	0.0838643	2.44298e+06	204878.8076
323.667	0.0851753	2.44342e+06	208119.0315
324	0.0865036	2.44386e+06	211402.6879
324.333	0.0878493	2.4443e+06	214730.044
324.667	0.0892126	2.44474e+06	218101.6117
325	0.0905937	2.44518e+06	221517.9034
325.333	0.0919928	2.44562e+06	224979.4315
325.667	0.0934101	2.44606e+06	228486.7092
326	0.0948458	2.44651e+06	232041.1982
326.333	0.0963	2.44695e+06	235641.285
326.667	0.0977729	2.44739e+06	239288.4177
327	0.0992648	2.44783e+06	242983.3554
327.333	0.100776	2.44826e+06	246725.8498
327.667	0.102306	2.4487e+06	250516.7022
328	0.103856	2.44914e+06	254357.8838
328.333	0.105425	2.44958e+06	258246.9715
328.667	0.107015	2.45002e+06	262188.8903
329	0.108624	2.45046e+06	266178.767
329.333	0.110254	2.4509e+06	270221.5286
329.667	0.111904	2.45134e+06	274314.7514
330	0.113576	2.45177e+06	278462.2295
330.333	0.115267	2.45221e+06	282658.8901
330.667	0.116981	2.45265e+06	286913.4497
331	0.118715	2.45309e+06	291218.5794
331.333	0.120471	2.45352e+06	295578.0079
331.667	0.122249	2.45396e+06	299994.156
332	0.124048	2.4544e+06	304463.4112
332.333	0.12587	2.45483e+06	308989.4521
332.667	0.127714	2.45527e+06	313572.3528
333	0.129581	2.4557e+06	318212.0617
333.333	0.131471	2.45614e+06	322911.1819
333.667	0.133383	2.45658e+06	327666.0101
334	0.135319	2.45701e+06	332480.1362
334.333	0.137279	2.45745e+06	337356.2786
334.667	0.139262	2.45788e+06	342289.2846
335	0.141269	2.45832e+06	347284.4081
335.333	0.1433	2.45875e+06	352338.875
335.667	0.145355	2.45918e+06	357454.1089
336	0.147436	2.45962e+06	362636.5343
336.333	0.149541	2.46005e+06	367878.3371
336.667	0.151671	2.46048e+06	373183.4621
337	0.153826	2.46092e+06	378553.4799
337.333	0.156007	2.46135e+06	383987.8295
337.667	0.158214	2.46178e+06	389488.0609
338	0.160446	2.46221e+06	395051.7457
338.333	0.162705	2.46265e+06	400685.4683
338.667	0.164991	2.46308e+06	406386.0323
339	0.167303	2.46351e+06	412152.6135
339.333	0.169642	2.46394e+06	417987.7095
339.667	0.172009	2.46437e+06	423893.8193
340	0.174403	2.4648e+06	429868.5144
340.333	0.176824	2.46523e+06	435911.8295
340.667	0.179274	2.46566e+06	442028.7308
341	0.181751	2.46609e+06	448214.3236
341.333	0.184258	2.46652e+06	454476.0422
341.667	0.186793	2.46695e+06	460808.9914
342	0.189357	2.46738e+06	467215.6747
342.333	0.19195	2.46781e+06	473696.1295
342.667	0.194573	2.46824e+06	480252.8615
343	0.197225	2.46867e+06	486883.4408
343.333	0.199907	2.46909e+06	493588.3746
343.667	0.20262	2.46952e+06	500374.1424
344	0.205363	2.46995e+06	507236.3419
344.333	0.208138	2.47038e+06	514179.9524
344.667	0.210943	2.4708e+06	521197.9644
345	0.213779	2.47123e+06	528297.0782
345.333	0.216648	2.47165e+06	535478.0292
345.667	0.219548	2.47208e+06	542740.2198
346	0.22248	2.47251e+06	550084.0248
346.333	0.225445	2.47293e+06	557509.7039
346.667	0.228442	2.47336e+06	565019.3051
347	0.231472	2.47378e+06	572610.8042
347.333	0.234536	2.47421e+06	580291.3166
347.667	0.237633	2.47463e+06	588053.7508
348	0.240764	2.47505e+06	595902.9382
348.333	0.24393	2.47548e+06	603843.8364
348.667	0.247129	2.4759e+06	611866.6911
349	0.250364	2.47632e+06	619981.3805
349.333	0.253633	2.47675e+06	628185.5328
349.667	0.256938	2.47717e+06	636479.1055
350	0.260278	2.47759e+06	644862.17
350.333	0.263654	2.47801e+06	653337.2485
350.667	0.267066	2.47843e+06	661904.3864
351	0.270515	2.47885e+06	670566.1078
351.333	0.274001	2.47928e+06	679325.1993
351.667	0.277523	2.4797e+06	688173.7831
352	0.281083	2.48012e+06	697119.57
352.333	0.284681	2.48054e+06	706162.6077
352.667	0.288316	2.48095e+06	715297.5802
353	0.29199	2.48137e+06	724535.2263
353.333	0.295703	2.48179e+06	733872.7484
353.667	0.299454	2.48221e+06	743307.7133
354	0.303245	2.48263e+06	752845.1344
354.333	0.307075	2.48305e+06	762482.5788
354.667	0.310945	2.48346e+06	772219.4697
355	0.314855	2.48388e+06	782062.0374
355.333	0.318806	2.4843e+06	792009.7458
355.667	0.322797	2.48471e+06	802056.9339
356	0.32683	2.48513e+06	812215.0379
356.333	0.330904	2.48555e+06	822478.4372
356.667	0.33502	2.48596e+06	832846.3192
357	0.339178	2.48638e+06	843325.3956
357.333	0.343378	2.48679e+06	853908.9766
357.667	0.347622	2.48721e+06	864608.9146
358	0.351908	2.48762e+06	875413.379
358.333	0.356238	2.48803e+06	886330.8311
358.667	0.360611	2.48845e+06	897362.443
359	0.365029	2.48886e+06	908506.0769
359.333	0.369491	2.48927e+06	919762.8616
359.667	0.373997	2.48968e+06	931132.851
360	0.378549	2.4901e+06	942624.8649
360.333	0.383147	2.49051e+06	954231.435
360.667	0.38779	2.49092e+06	965953.8668
361	0.392479	2.49133e+06	977794.7071
361.333	0.397215	2.49174e+06	989756.5041
361.667	0.401998	2.49215e+06	1001839.316
362	0.406828	2.49256e+06	1014043.2
362.333	0.411706	2.49297e+06	1026370.707
362.667	0.416631	2.49338e+06	1038819.403
363	0.421605	2.49378e+06	1051390.117
363.333	0.426627	2.49419e+06	1064088.797
363.667	0.431699	2.4946e+06	1076916.325
364	0.436819	2.49501e+06	1089867.773
364.333	0.44199	2.49541e+06	1102946.266
364.667	0.44721	2.49582e+06	1116155.662
365	0.452481	2.49623e+06	1129496.647
365.333	0.457803	2.49663e+06	1142964.704
365.667	0.463176	2.49704e+06	1156568.999
366	0.468601	2.49744e+06	1170302.881
366.333	0.474078	2.49785e+06	1184175.732
366.667	0.479607	2.49825e+06	1198178.188
367	0.485188	2.49865e+06	1212314.996
367.333	0.490823	2.49906e+06	1226596.126
367.667	0.496511	2.49946e+06	1241009.384
368	0.502253	2.49986e+06	1255562.185
368.333	0.508049	2.50026e+06	1270254.593
368.667	0.5139	2.50067e+06	1285094.313
369	0.519806	2.50107e+06	1300071.192
369.333	0.525767	2.50147e+06	1315190.377
369.667	0.531784	2.50187e+06	1330454.436
370	0.537858	2.50227e+06	1345865.938
370.333	0.543987	2.50267e+06	1361419.945
370.667	0.550174	2.50307e+06	1377124.034
371	0.556418	2.50346e+06	1392970.206
371.333	0.56272	2.50386e+06	1408972.099
371.667	0.569081	2.50426e+06	1425126.785
372	0.575499	2.50466e+06	1441429.325
372.333	0.581977	2.50505e+06	1457881.484
372.667	0.588514	2.50545e+06	1474492.401
373	0.595111	2.50585e+06	1491258.899
373.333	0.601768	2.50624e+06	1508175.032
373.667	0.608486	2.50664e+06	1525255.347
374	0.615265	2.50703e+06	1542487.813
374.333	0.622105	2.50743e+06	1559884.74
374.667	0.629007	2.50782e+06	1577436.335
			
