#T, rho, e
0.00550611 2.37745e+06 275
0.00589159 2.37883e+06 276
0.00630051 2.3802e+06 277
0.00673407 2.38158e+06 278
0.00719349 2.38295e+06 279
0.00768008 2.38432e+06 280
0.00819517 2.3857e+06 281
0.00874014 2.38707e+06 282
0.00931646 2.38844e+06 283
0.00992561 2.38981e+06 284
0.0105691 2.39118e+06 285
0.0112487 2.39255e+06 286
0.0119659 2.39392e+06 287
0.0127224 2.39529e+06 288
0.0135202 2.39666e+06 289
0.014361 2.39802e+06 290
0.0152467 2.39939e+06 291
0.0161793 2.40075e+06 292
0.0171609 2.40212e+06 293
0.0181935 2.40348e+06 294
0.0192794 2.40484e+06 295
0.0204208 2.40621e+06 296
0.02162 2.40757e+06 297
0.0228794 2.40893e+06 298
0.0242014 2.41028e+06 299
0.0255887 2.41164e+06 300
0.0270438 2.413e+06 301
0.0285695 2.41435e+06 302
0.0301684 2.41571e+06 303
0.0318435 2.41706e+06 304
0.0335977 2.41842e+06 305
0.035434 2.41977e+06 306
0.0373555 2.42112e+06 307
0.0393655 2.42247e+06 308
0.0414671 2.42381e+06 309
0.0436638 2.42516e+06 310
0.045959 2.4265e+06 311
0.0483562 2.42785e+06 312
0.0508592 2.42919e+06 313
0.0534715 2.43053e+06 314
0.0561972 2.43187e+06 315
0.0590399 2.43321e+06 316
0.0620039 2.43455e+06 317
0.0650932 2.43588e+06 318
0.0683121 2.43722e+06 319
0.0716647 2.43855e+06 320
0.0751556 2.43988e+06 321
0.0787893 2.44121e+06 322
0.0825704 2.44253e+06 323
0.0865036 2.44386e+06 324
0.0905937 2.44518e+06 325
0.0948458 2.44651e+06 326
0.0992648 2.44783e+06 327
0.103856 2.44914e+06 328
0.108624 2.45046e+06 329
0.113576 2.45177e+06 330
0.118715 2.45309e+06 331
0.124048 2.4544e+06 332
0.129581 2.4557e+06 333
0.135319 2.45701e+06 334
0.141269 2.45832e+06 335
0.147436 2.45962e+06 336
0.153826 2.46092e+06 337
0.160446 2.46221e+06 338
0.167303 2.46351e+06 339
0.174403 2.4648e+06 340
0.181751 2.46609e+06 341
0.189357 2.46738e+06 342
0.197225 2.46867e+06 343
0.205363 2.46995e+06 344
0.213779 2.47123e+06 345
0.22248 2.47251e+06 346
0.231472 2.47378e+06 347
0.240764 2.47505e+06 348
0.250364 2.47632e+06 349
0.260278 2.47759e+06 350
0.270515 2.47885e+06 351
0.281083 2.48012e+06 352
0.29199 2.48137e+06 353
0.303245 2.48263e+06 354
0.314855 2.48388e+06 355
0.32683 2.48513e+06 356
0.339178 2.48638e+06 357
0.351908 2.48762e+06 358
0.365029 2.48886e+06 359
0.378549 2.4901e+06 360
0.392479 2.49133e+06 361
0.406828 2.49256e+06 362
0.421605 2.49378e+06 363
0.436819 2.49501e+06 364
0.452481 2.49623e+06 365
0.468601 2.49744e+06 366
0.485188 2.49865e+06 367
0.502253 2.49986e+06 368
0.519806 2.50107e+06 369
0.537858 2.50227e+06 370
0.556418 2.50346e+06 371
0.575499 2.50466e+06 372
0.595111 2.50585e+06 373
0.615265 2.50703e+06 374
0.635971 2.50821e+06 375
0.657243 2.50939e+06 376
0.67909 2.51056e+06 377
0.701525 2.51173e+06 378
0.72456 2.51289e+06 379
0.748205 2.51405e+06 380
0.772475 2.51521e+06 381
0.79738 2.51636e+06 382
0.822933 2.5175e+06 383
0.849147 2.51865e+06 384
0.876034 2.51978e+06 385
0.903607 2.52092e+06 386
0.931879 2.52204e+06 387
0.960864 2.52317e+06 388
0.990575 2.52428e+06 389
1.02102 2.5254e+06 390
1.05223 2.5265e+06 391
1.08419 2.52761e+06 392
1.11694 2.5287e+06 393
1.15049 2.52979e+06 394
1.18484 2.53088e+06 395
1.22002 2.53196e+06 396
1.25603 2.53304e+06 397
1.2929 2.53411e+06 398
1.33063 2.53518e+06 399
1.36924 2.53623e+06 400
1.40876 2.53729e+06 401
1.44919 2.53834e+06 402
1.49054 2.53938e+06 403
1.53284 2.54042e+06 404
1.5761 2.54145e+06 405
1.62034 2.54247e+06 406
1.66557 2.54349e+06 407
1.71181 2.5445e+06 408
1.75907 2.54551e+06 409
1.80738 2.54651e+06 410
1.85675 2.5475e+06 411
1.9072 2.54849e+06 412
1.95873 2.54947e+06 413
2.01139 2.55045e+06 414
2.06517 2.55142e+06 415
2.12009 2.55238e+06 416
2.17619 2.55333e+06 417
2.23347 2.55428e+06 418
2.29194 2.55522e+06 419
2.35165 2.55616e+06 420
2.41259 2.55708e+06 421
2.47479 2.55801e+06 422
2.53827 2.55892e+06 423
2.60304 2.55983e+06 424
2.66914 2.56073e+06 425
2.73657 2.56162e+06 426
2.80536 2.5625e+06 427
2.87552 2.56338e+06 428
2.94709 2.56425e+06 429
3.02007 2.56511e+06 430
3.0945 2.56597e+06 431
3.17038 2.56682e+06 432
3.24775 2.56765e+06 433
3.32663 2.56849e+06 434
3.40703 2.56931e+06 435
3.48898 2.57013e+06 436
3.5725 2.57094e+06 437
3.65762 2.57174e+06 438
3.74435 2.57253e+06 439
3.83272 2.57331e+06 440
3.92276 2.57409e+06 441
4.01448 2.57485e+06 442
4.10791 2.57561e+06 443
4.20308 2.57636e+06 444
4.30001 2.57711e+06 445
4.39872 2.57784e+06 446
4.49924 2.57857e+06 447
4.6016 2.57928e+06 448
4.70582 2.57999e+06 449
4.81192 2.58069e+06 450
4.91993 2.58138e+06 451
5.02989 2.58206e+06 452
5.14181 2.58273e+06 453
5.25572 2.58339e+06 454
5.37165 2.58404e+06 455
5.48963 2.58469e+06 456
5.60969 2.58532e+06 457
5.73184 2.58595e+06 458
5.85614 2.58656e+06 459
5.98259 2.58717e+06 460
6.11124 2.58777e+06 461
6.2421 2.58835e+06 462
6.37522 2.58893e+06 463
6.51062 2.58949e+06 464
6.64834 2.59005e+06 465
6.78839 2.5906e+06 466
6.93083 2.59113e+06 467
7.07567 2.59166e+06 468
7.22295 2.59218e+06 469
7.3727 2.59268e+06 470
7.52496 2.59318e+06 471
7.67977 2.59366e+06 472
7.83714 2.59413e+06 473
7.99713 2.5946e+06 474
8.15976 2.59505e+06 475
8.32507 2.59549e+06 476
8.49309 2.59592e+06 477
8.66387 2.59634e+06 478
8.83744 2.59675e+06 479
9.01384 2.59714e+06 480
9.1931 2.59753e+06 481
9.37527 2.5979e+06 482
9.56038 2.59826e+06 483
9.74848 2.59861e+06 484
9.93959 2.59895e+06 485
10.1338 2.59928e+06 486
10.3311 2.59959e+06 487
10.5315 2.59989e+06 488
10.7351 2.60018e+06 489
10.942 2.60046e+06 490
11.1521 2.60072e+06 491
11.3656 2.60098e+06 492
11.5824 2.60122e+06 493
11.8027 2.60144e+06 494
12.0264 2.60166e+06 495
12.2536 2.60186e+06 496
12.4844 2.60204e+06 497
12.7188 2.60222e+06 498
12.9569 2.60238e+06 499
13.1986 2.60253e+06 500
13.4441 2.60266e+06 501
13.6935 2.60278e+06 502
13.9467 2.60288e+06 503
14.2038 2.60298e+06 504
14.4649 2.60305e+06 505
14.73 2.60312e+06 506
14.9992 2.60316e+06 507
15.2726 2.6032e+06 508
15.5502 2.60322e+06 509
15.832 2.60322e+06 510
16.1182 2.60321e+06 511
16.4087 2.60318e+06 512
16.7037 2.60314e+06 513
17.0033 2.60308e+06 514
17.3074 2.60301e+06 515
17.6162 2.60292e+06 516
17.9297 2.60281e+06 517
18.248 2.60269e+06 518
18.5712 2.60255e+06 519
18.8993 2.6024e+06 520
19.2324 2.60223e+06 521
19.5706 2.60204e+06 522
19.914 2.60183e+06 523
20.2626 2.60161e+06 524
20.6165 2.60137e+06 525
20.9759 2.60111e+06 526
21.3407 2.60083e+06 527
21.7111 2.60054e+06 528
22.0872 2.60023e+06 529
22.4691 2.59989e+06 530
22.8568 2.59954e+06 531
23.2504 2.59917e+06 532
23.6501 2.59878e+06 533
24.0559 2.59837e+06 534
24.468 2.59795e+06 535
24.8864 2.5975e+06 536
25.3112 2.59703e+06 537
25.7426 2.59654e+06 538
26.1806 2.59603e+06 539
26.6255 2.5955e+06 540
27.0772 2.59494e+06 541
27.5359 2.59437e+06 542
28.0018 2.59377e+06 543
28.4749 2.59315e+06 544
28.9554 2.59251e+06 545
29.4434 2.59184e+06 546
29.9391 2.59116e+06 547
30.4425 2.59044e+06 548
30.9539 2.58971e+06 549
31.4734 2.58895e+06 550
32.0011 2.58816e+06 551
32.5371 2.58736e+06 552
33.0818 2.58652e+06 553
33.6351 2.58566e+06 554
34.1972 2.58477e+06 555
34.7684 2.58386e+06 556
35.3488 2.58292e+06 557
35.9387 2.58195e+06 558
36.5381 2.58096e+06 559
37.1472 2.57993e+06 560
37.7664 2.57888e+06 561
38.3957 2.5778e+06 562
39.0354 2.57669e+06 563
39.6858 2.57555e+06 564
40.3469 2.57438e+06 565
41.0192 2.57317e+06 566
41.7027 2.57194e+06 567
42.3978 2.57067e+06 568
43.1047 2.56937e+06 569
43.8237 2.56804e+06 570
44.555 2.56667e+06 571
45.299 2.56527e+06 572
46.0559 2.56383e+06 573
46.8261 2.56235e+06 574
47.6097 2.56084e+06 575
48.4073 2.55929e+06 576
49.2191 2.5577e+06 577
50.0454 2.55608e+06 578
50.8867 2.55441e+06 579
51.7432 2.5527e+06 580
52.6155 2.55095e+06 581
53.5039 2.54916e+06 582
54.4089 2.54733e+06 583
55.3308 2.54545e+06 584
56.2702 2.54352e+06 585
57.2275 2.54155e+06 586
58.2033 2.53953e+06 587
59.1981 2.53746e+06 588
60.2123 2.53534e+06 589
61.2467 2.53317e+06 590
62.3018 2.53095e+06 591
63.3782 2.52867e+06 592
64.4765 2.52634e+06 593
65.5976 2.52395e+06 594
66.7421 2.5215e+06 595
67.9108 2.519e+06 596
69.1045 2.51643e+06 597
70.324 2.5138e+06 598
71.5702 2.5111e+06 599
72.8441 2.50833e+06 600
74.1467 2.5055e+06 601
75.4791 2.50259e+06 602
76.8423 2.49961e+06 603
78.2375 2.49655e+06 604
79.666 2.49342e+06 605
81.1292 2.4902e+06 606
82.6284 2.4869e+06 607
84.1652 2.48351e+06 608
85.7412 2.48002e+06 609
87.3581 2.47645e+06 610
89.0178 2.47277e+06 611
90.7223 2.46899e+06 612
92.4738 2.46511e+06 613
94.2746 2.46111e+06 614
96.1271 2.457e+06 615
98.0341 2.45276e+06 616
99.9986 2.4484e+06 617
102.024 2.4439e+06 618
104.113 2.43926e+06 619
106.27 2.43447e+06 620
108.5 2.42952e+06 621
110.806 2.42441e+06 622
113.195 2.41912e+06 623
115.671 2.41364e+06 624
118.241 2.40796e+06 625
120.913 2.40206e+06 626
123.695 2.39593e+06 627
126.594 2.38955e+06 628
129.624 2.38291e+06 629
132.794 2.37597e+06 630
136.119 2.3687e+06 631
139.617 2.36109e+06 632
143.304 2.35309e+06 633
147.206 2.34465e+06 634
151.35 2.33572e+06 635
155.769 2.32624e+06 636
160.507 2.31613e+06 637
165.617 2.30528e+06 638
171.171 2.29355e+06 639
177.264 2.28078e+06 640
184.029 2.2667e+06 641
191.66 2.25097e+06 642
200.465 2.23301e+06 643
210.969 2.21187e+06 644

