0.0526203
0.0508556
0.049088
0.0473178
0.0455524
0.0438209
0.0421452
0.0405384
0.0390105
0.0375696
0.0362179
0.0349567
0.0337853
0.0327005
0.0317002
0.0307766
0.0299264
0.0291435
0.028426
0.0277662
0.027157
0.0265942
0.0260729
0.0255879
0.0251383
0.0247205
0.0243337
0.0239761
0.023646
0.0233415
0.0230614
0.0228026
0.0225633
0.0223419
0.0221366
0.021946
0.0217685
0.0216027
0.0214472
0.0213006
0.0211608
0.0210271
0.0208988
0.020775
0.0206556
0.0205397
0.0204278
0.0203199
0.0202142
0.0201085
0.0200023
0.0198961
0.0197906
0.0196863
0.0195823
0.019478
0.0193751
0.0192726
0.0191716
0.0190727
0.0189755
0.0188804
0.0187874
0.0186965
0.0186067
0.0185178
0.0184308
0.0183453
0.0182612
0.0181792
0.0181
0.0180233
0.017949
0.0178771
0.0178071
0.0177383
0.0176713
0.0176062
0.0175428
0.0174813
0.017422
0.0173647
0.0173098
0.0172569
0.0172062
0.0171577
0.0171111
0.0170665
0.0170244
0.0169834
0.0169439
0.0169051
0.016867
0.0168293
0.0167928
0.0167552
0.0167181
0.0166807
0.0166442
0.0166087
0.0165737
0.01654
0.0165075
0.0164758
0.0164452
0.0164154
0.0163854
0.0163562
0.016327
0.0162964
0.0162664
0.0162374
0.0162089
0.016181
0.0161537
0.0161267
0.0160997
0.016073
0.0160465
0.01602
0.0159938
0.0159682
0.0159432
0.0159183
0.0158937
0.0158694
0.0158454
0.0158222
0.0157994
0.0157771
0.0157556
0.0157346
0.0157145
0.0156952
0.0156765
0.0156578
0.0156402
0.0156235
0.0156077
0.0155918
0.015576
0.0155616
0.0155484
0.0155362
0.0155251
0.0155148
0.0155051
0.0154961
0.0154871
0.0154789
0.0154712
0.0154642
0.0154579
0.015452
0.0154461
0.0154401
0.0154345
0.0154284
0.0154224
0.015416
0.0154098
0.0154033
0.0153963
0.0153918
0.0153843
0.0153747
0.0153697
0.0153608
0.0153487
0.015342
0.0153294
0.0153221
0.0153085
0.0153013
0.0152876
0.0152802
0.0152663
0.0152583
0.0152436
0.0152347
0.0152193
0.0152098
0.0151938
0.0151835
0.0151671
0.0151562
0.0151393
0.0151248
0.0151131
0.0150949
0.0150785
0.0150648
0.0150456
0.015029
0.0150125
0.014996
0.0149795
0.0149633
0.0149467
0.0149301
0.0149134
0.0148969
0.0148803
0.0148638
0.0148474
0.0148313
0.0148155
0.0148006
0.0147831
0.014767
0.0147509
0.0147359
0.014719
0.014703
0.0146872
0.0146724
0.0146564
0.0146411
0.0146258
0.01461
0.0145938
0.0145778
0.0145618
0.014546
0.0145301
0.0145141
0.0144981
0.0144824
0.0144681
0.0144529
0.0144373
0.0144217
0.014406
0.0143904
0.0143749
0.0143597
0.0143448
0.01433
0.0143148
0.0142997
0.0142846
0.0142696
0.0142545
0.0142393
0.0142239
0.0142086
0.0141928
0.0141774
0.0141625
0.0141473
0.0141317
0.0141159
0.0141001
0.0140845
0.0140694
0.0140544
0.0140398
0.0140253
0.014011
0.0139971
0.0139836
0.0139702
0.0139571
0.0139445
0.0139321
0.0139202
0.0139086
0.0138972
0.0138858
0.0138747
0.0138634
0.0138526
0.0138421
0.0138315
0.0138208
0.0138102
0.0137995
0.013789
0.0137788
0.0137689
0.0137596
0.0137507
0.0137421
0.0137335
0.0137249
0.013716
0.0137076
0.013698
0.0136901
0.0136806
0.0136723
0.0136648
0.0136555
0.0136467
0.0136383
0.0136286
0.0136197
0.013611
0.0136032
0.0135946
0.0135866
0.0135785
0.0135693
0.0135603
0.013551
0.0135422
0.0135334
0.0135245
0.0135152
0.0135062
0.0134975
0.0134887
0.0134801
0.0134716
0.0134628
0.013454
0.0134449
0.0134353
0.0134258
0.0134166
0.013407
0.0133972
0.0133876
0.0133784
0.0133692
0.0133604
0.0133515
0.0133428
0.0133338
0.0133248
0.013316
0.0133073
0.0132991
0.0132911
0.013283
0.0132749
0.0132669
0.0132587
0.0132507
0.0132427
0.0132348
0.013227
0.0132194
0.0132117
0.0132039
0.0131963
0.0131885
0.0131807
0.0131731
0.0131656
0.0131581
0.0131505
0.0131425
0.0131344
0.0131262
0.0131178
0.0131094
0.0131008
0.0130923
0.0130838
0.013075
0.0130663
0.0130576
0.013049
0.0130404
0.0130324
0.013024
0.0130156
0.0130069
0.0129984
0.0129898
0.012981
0.0129719
0.0129624
0.0129544
0.0129448
0.0129357
0.0129267
0.0129187
0.0129098
0.0129011
0.0128924
0.0128836
0.0128749
0.0128659
0.0128568
0.0128477
0.0128387
0.0128293
0.0128198
0.0128104
0.0128011
0.012792
0.0127831
0.0127745
0.0127661
0.0127576
0.012749
0.0127407
0.0127326
0.0127249
0.0127174
0.0127102
0.012703
0.0126958
0.0126969
0.0126899
0.0126757
0.0126698
0.0126661
0.0126729
0.0126611
0.0126526
0.0126454
0.0126388
0.0126327
0.0126269
0.012621
0.0126147
0.0126087
0.0126029
0.0125974
0.0125918
0.0125865
0.0125814
0.0125765
0.012572
0.0125678
0.0125638
0.0125601
0.0125563
0.0125527
0.012549
0.0125454
0.0125419
0.0125383
0.0125341
0.0125298
0.0125256
0.0125212
0.0125167
0.0125123
0.0125081
0.0125041
0.0124999
0.012496
0.0124923
0.0124887
0.0124852
0.0124815
0.0124777
0.012474
0.0124699
0.0124658
0.0124617
0.0124574
0.0124532
0.012449
0.0124448
0.0124408
0.0124368
0.0124328
0.0124291
0.0124256
0.012422
0.0124184
0.0124149
0.0124116
0.0124084
0.0124054
0.0124025
0.0123998
0.0123969
0.0123939
0.0123911
0.0123882
0.0123852
0.0123824
0.0123795
0.0123766
0.012374
0.0123714
0.0123689
0.0123663
0.0123636
0.012361
0.0123583
0.0123555
0.0123525
0.0123495
0.0123466
0.0123436
0.0123405
0.0123372
0.0123338
0.0123303
0.0123269
0.0123234
0.0123201
0.012317
0.0123141
0.0123111
0.012308
0.0123048
0.0123015
0.0122982
0.0122948
0.0122917
0.0122885
0.0122852
0.0122821
0.0122789
0.0122751
0.0122711
0.0122672
0.0122633
0.0122595
0.0122557
0.012252
0.0122483
0.0122445
0.0122407
0.0122367
0.0122323
0.0122275
0.0122226
0.0122176
0.0122127
0.0122079
0.012203
0.0121982
0.0121935
0.0121888
0.0121843
0.0121799
0.0121753
0.0121705
0.0121654
0.0121604
0.0121554
0.0121504
0.0121454
0.0121404
0.0121356
0.0121307
0.0121257
0.0121208
0.012116
0.0121111
0.0121063
0.0121013
0.0120966
0.0120919
0.0120872
0.0120826
0.012078
0.0120734
0.012069
0.0120647
0.0120602
0.0120558
0.0120513
0.0120468
0.0120423
0.0120377
0.012033
0.0120287
0.0120244
0.0120194
0.0120145
0.0120098
0.0120054
0.0120009
0.0119965
0.011992
0.0119875
0.0119831
0.0119787
0.0119744
0.01197
0.0119657
0.0119613
0.0119571
0.0119527
0.0119482
0.0119437
0.0119391
0.0119344
0.0119297
0.0119252
0.0119208
0.0119167
0.0119124
0.0119081
0.0119038
0.0118997
0.0118956
0.0118917
0.0118879
0.0118839
0.0118799
0.0118759
0.0118719
0.0118679
0.0118641
0.0118605
0.011857
0.0118536
0.0118505
0.0118475
0.0118447
0.011841
0.0118376
0.0118347
0.0118322
0.0118299
0.0118277
0.0118255
0.0118233
0.0118214
0.0118194
0.0118172
0.011815
0.011813
0.0118111
0.0118093
0.0118077
0.011806
0.0118044
0.0118026
0.0118009
0.0117993
0.0117976
0.0117959
0.0117943
0.0117927
0.0117909
0.0117891
0.0117874
0.0117858
0.0117841
0.0117826
0.0117811
0.0117794
0.0117775
0.0117755
0.0117733
0.0117712
0.011769
0.0117666
0.0117644
0.011762
0.0117593
0.0117565
0.0117536
0.0117503
0.0117467
0.0117429
0.011739
0.0117349
0.0117307
0.011726
0.0117213
0.0117163
0.0117112
0.0117061
0.0117012
0.011696
0.0116909
0.0116858
0.0116806
0.0116754
0.0116702
0.0116649
0.0116595
0.0116541
0.0116488
0.0116436
0.0116383
0.0116331
0.011628
0.0116231
0.0116181
0.0116131
0.0116079
0.0116026
0.0115976
0.0115926
0.0115878
0.011583
0.0115782
0.0115734
0.0115688
0.0115643
0.0115599
0.0115556
0.0115513
0.011547
0.0115428
0.0115387
0.0115344
0.0115302
0.0115263
0.0115225
0.0115182
0.0115139
0.0115098
0.0115059
0.0115022
0.0114988
0.0114951
0.0114913
0.0114876
0.0114836
0.0114798
0.011476
0.0114722
0.0114682
0.0114644
0.0114606
0.0114569
0.0114534
0.0114499
0.0114465
0.0114432
0.0114398
0.0114365
0.0114333
0.0114302
0.0114273
0.0114245
0.0114216
0.0114188
0.0114162
0.0114135
0.0114108
0.0114081
0.0114054
0.0114027
0.0114001
0.0113977
0.0113953
0.011393
0.0113907
0.0113885
0.0113863
0.011384
0.0113817
0.0113792
0.0113768
0.0113742
0.0113715
0.0113687
0.0113659
0.0113632
0.0113604
0.0113574
0.0113544
0.0113513
0.0113483
0.0113452
0.011342
0.0113389
0.0113356
0.0113322
0.0113288
0.0113253
0.0113216
0.011318
0.0113142
0.0113103
0.0113063
0.0113022
0.0112977
0.0112931
0.0112885
0.011284
0.0112794
0.0112749
0.0112704
0.011266
0.0112618
0.0112573
0.0112529
0.0112485
0.011244
0.0112395
0.0112353
0.0112309
0.0112265
0.0112221
0.0112179
0.0112138
0.0112097
0.0112053
0.011201
0.0111968
0.0111925
0.0111884
0.0111842
0.0111799
0.0111755
0.0111709
0.0111663
0.0111616
0.0111568
0.0111518
0.0111467
0.0111415
0.0111364
0.0111314
0.011126
0.0111203
0.0111145
0.0111087
0.0111028
0.0110971
0.0110913
0.0110851
0.0110791
0.0110731
0.0110671
0.0110612
0.0110555
0.0110498
0.0110443
0.011039
0.0110339
0.011029
0.0110243
0.0110199
0.0110156
0.0110115
0.0110076
0.011004
0.0110007
0.0109975
0.0109945
0.0109917
0.0109891
0.0109863
0.0109831
0.0109799
0.0109769
0.0109742
0.0109717
0.0109692
0.0109668
0.0109645
0.0109624
0.0109605
0.0109588
0.0109571
0.0109556
0.0109541
0.0109525
0.0109511
0.0109499
0.0109488
0.0109478
0.0109469
0.0109462
0.0109456
0.0109449
0.0109428
0.0109415
0.0109404
0.0109396
0.0109389
0.0109383
0.0109376
0.0109371
0.0109365
0.010936
0.0109353
0.0109346
0.0109338
0.0109329
0.0109321
0.0109313
0.0109305
0.0109297
0.010929
0.0109279
0.0109266
0.0109254
0.0109244
0.0109234
0.0109223
0.0109212
0.0109203
0.0109191
0.0109179
0.0109168
0.0109159
0.0109152
0.010915
0.010915
0.010915
0.0109151
0.0109154
0.0109157
0.0109161
0.0109162
0.0109166
0.0109172
0.0109179
0.0109188
0.0109199
0.0109213
0.0109228
0.0109243
0.0109258
0.0109274
0.0109289
0.0109306
0.0109323
0.0109341
0.0109357
0.0109375
0.0109392
0.0109405
0.0109419
0.0109434
0.0109444
0.0109453
0.0109463
0.0109472
0.0109481
0.0109487
0.0109496
0.0109505
0.0109516
0.0109528
0.0109543
0.0109559
0.0109575
0.010959
0.0109604
0.0109617
0.0109631
0.0109645
0.0109658
0.0109672
0.0109687
0.0109703
0.0109718
0.0109733
0.0109748
0.0109764
0.0109781
0.0109799
0.0109817
0.0109835
0.0109853
0.0109868
0.0109883
0.0109896
0.0109912
0.0109927
0.010994
0.0109952
0.0109964
0.0109974
0.0109983
0.0109992
0.011
0.0110006
0.0110014
0.011002
0.0110027
0.0110036
0.0110045
0.0110055
0.0110063
0.011007
0.0110078
0.0110087
0.0110097
0.011011
0.0110123
0.0110134
0.0110145
0.0110156
0.0110167
0.0110179
0.0110191
0.0110204
0.0110215
0.0110226
0.0110234
0.0110241
0.011025
0.0110258
0.0110259
0.0110249
0.0110245
0.0110243
0.011024
0.0110237
0.0110232
0.0110224
0.0110214
0.0110204
0.0110195
0.0110186
0.0110178
0.0110169
0.0110161
0.0110153
0.0110146
0.0110139
0.0110133
0.0110124
0.0110118
0.0110112
0.0110107
0.0110103
0.0110098
0.0110092
0.0110085
0.0110078
0.0110069
0.0110058
0.0110045
0.011003
0.0110014
0.0109996
0.0109977
0.0109957
0.0109935
0.0109908
0.010988
0.010985
0.0109815
0.0109779
0.0109742
0.0109704
0.0109666
0.0109627
0.0109587
0.0109546
0.0109505
0.0109463
0.010942
0.0109377
0.010933
0.0109284
0.0109239
0.0109197
0.0109156
0.0109116
0.0109074
0.010903
0.0108987
0.0108944
0.0108901
0.0108856
0.0108812
0.010877
0.010873
0.0108692
0.0108656
0.0108623
0.0108591
0.010856
0.0108531
0.0108507
0.0108484
0.0108459
0.0108433
0.0108409
0.0108385
0.0108362
0.0108339
0.0108315
0.0108287
0.0108256
0.0108218
0.0108183
0.0108148
0.0108116
0.0108083
0.0108051
0.010802
0.010799
0.0107954
0.0107919
0.0107887
0.0107856
0.0107825
0.0107792
0.0107759
0.0107725
0.010769
0.0107652
0.0107614
0.0107576
0.010754
0.0107505
0.010747
0.0107434
0.0107397
0.010736
0.0107323
0.0107283
0.0107242
0.0107201
0.0107161
0.0107122
0.0107085
0.0107048
0.0107011
0.0106973
0.0106929
0.0106884
0.0106841
0.01068
0.0106759
0.010672
0.0106681
0.0106646
0.0106615
0.0106583
0.0106553
0.0106523
0.0106492
0.0106462
0.0106434
0.0106404
0.0106374
0.0106345
0.0106316
0.0106282
0.0106253
0.0106226
0.0106203
0.0106181
0.010616
0.0106141
0.0106122
0.0106105
0.0106089
0.0106074
0.010606
0.0106046
0.0106029
0.0106012
0.0105996
0.010598
0.0105965
0.0105947
0.0105932
0.0105919
0.0105907
0.0105897
0.0105888
0.0105879
0.0105873
0.0105867
0.0105862
0.0105857
0.0105852
0.0105848
0.0105842
0.0105836
0.0105832
0.0105829
0.0105828
0.0105825
0.0105824
0.010582
0.0105814
0.0105807
0.01058
0.0105789
0.0105765
0.010575
0.0105738
0.0105726
0.0105715
0.0105705
0.0105696
0.0105688
0.0105681
0.0105673
0.0105664
0.0105655
0.0105645
0.0105633
0.0105624
0.0105617
0.0105609
0.0105602
0.0105597
0.0105589
0.0105581
0.0105576
0.0105573
0.0105573
0.0105573
0.010557
0.0105569
0.0105571
0.0105572
0.0105575
0.010558
0.0105588
0.0105598
0.0105609
0.0105621
0.0105634
0.0105648
0.0105663
0.0105679
0.0105696
0.0105712
0.0105729
0.0105745
0.0105761
0.0105778
0.0105795
0.010581
0.0105824
0.0105839
0.0105851
0.0105864
0.0105877
0.0105891
0.0105905
0.010592
0.0105934
0.0105948
0.0105961
0.0105971
0.0105981
0.010599
0.0106
0.0106008
0.0106016
0.0106021
0.0106023
0.0106026
0.0106029
0.0106032
0.0106035
0.0106039
0.0106042
0.0106047
0.0106053
0.0106062
0.0106072
0.0106084
0.0106101
0.0106113
0.0106129
0.0106147
0.0106166
0.0106185
0.0106206
0.0106229
0.0106252
0.0106273
0.0106294
0.0106314
0.0106333
0.0106356
0.0106378
0.0106401
0.0106422
0.0106444
0.0106465
0.0106485
0.0106503
0.0106521
0.0106538
0.0106552
0.0106568
0.0106583
0.0106599
0.0106616
0.0106632
0.0106649
0.0106665
0.010668
0.0106697
0.0106714
0.0106731
0.0106748
0.0106765
0.0106782
0.0106799
0.0106816
0.0106831
0.0106846
0.0106858
0.010687
0.010688
0.010689
0.0106899
0.0106906
0.0106912
0.0106918
0.0106925
0.0106929
0.0106933
0.0106939
0.0106946
0.0106953
0.010696
0.0106966
0.0106972
0.0106974
0.0106976
0.010698
0.0106985
0.0106989
0.0106994
0.0106999
0.0107002
0.0107006
0.0107011
0.0107016
0.0107021
0.0107024
0.0107026
0.010703
0.0107035
0.0107042
0.010705
0.010706
0.0107071
0.010708
0.0107084
0.0107089
0.0107096
0.01071
0.0107105
0.0107108
0.0107112
0.0107119
0.0107124
0.0107131
0.0107139
0.0107147
0.0107156
0.0107168
0.0107182
0.0107194
0.0107205
0.0107217
0.010723
0.0107241
0.010725
0.0107261
0.0107274
0.0107287
0.0107299
0.0107309
0.0107317
0.0107327
0.0107339
0.0107353
0.0107369
0.0107385
0.0107405
0.0107423
0.0107441
0.010746
0.0107479
0.01075
0.010752
0.0107542
0.0107561
0.0107582
0.0107604
0.0107624
0.0107642
0.0107657
0.0107669
0.0107681
0.0107694
0.0107708
0.0107722
0.0107737
0.0107752
0.0107768
0.0107786
0.0107803
0.010782
0.0107837
0.0107856
0.0107875
0.0107895
0.0107912
0.0107928
0.0107942
0.0107955
0.0107967
0.0107982
0.0107996
0.010801
0.0108025
0.0108037
0.0108052
0.0108068
0.0108085
0.0108109
0.0108127
0.0108144
0.0108162
0.0108182
0.0108203
0.0108222
0.0108239
0.010826
0.0108283
0.0108306
0.0108328
0.0108349
0.0108372
0.0108396
0.010842
0.0108442
0.0108465
0.0108486
0.0108507
0.0108527
0.0108548
0.0108572
0.0108593
0.0108614
0.0108636
0.0108659
0.0108684
0.010871
0.0108734
0.0108757
0.0108779
0.0108801
0.0108823
0.0108846
0.010887
0.0108891
0.0108908
0.0108925
0.0108942
0.0108961
0.0108978
0.0108994
0.0109011
0.0109025
0.010904
0.0109057
0.0109074
0.0109093
0.0109112
0.0109131
0.0109153
0.0109177
0.01092
0.0109222
0.0109246
0.0109269
0.0109294
0.0109319
0.0109346
0.0109373
0.0109401
0.010943
0.0109457
0.0109479
0.0109499
0.010952
0.0109543
0.0109566
0.010959
0.0109609
0.0109626
0.0109643
0.010966
0.0109678
0.0109697
0.0109719
0.0109741
0.0109762
0.0109781
0.0109801
0.0109822
0.0109846
0.0109874
0.0109902
0.0109931
0.0109961
0.0109992
0.0110023
0.0110053
0.0110082
0.0110113
0.0110143
0.0110175
0.0110208
0.0110243
0.0110271
0.01103
0.011033
0.0110361
0.0110392
0.0110424
0.0110456
0.0110488
0.011052
0.011055
0.0110578
0.0110605
0.0110633
0.0110658
0.0110679
0.0110701
0.0110723
0.0110742
0.0110761
0.0110779
0.0110795
0.0110805
0.0110816
0.0110828
0.011084
0.0110851
0.0110862
0.0110873
0.0110882
0.0110892
0.01109
0.0110906
0.0110913
0.0110918
0.0110924
0.0110931
0.0110937
0.0110939
0.0110941
0.0110944
0.0110949
0.0110957
0.0110966
0.0110977
0.0110989
0.0111001
0.0111013
0.0111022
0.0111032
0.0111048
0.0111066
0.0111086
0.0111107
0.0111126
0.0111146
0.0111166
0.0111185
0.0111204
0.0111222
0.0111244
0.0111267
0.0111291
0.0111315
0.0111341
0.0111362
0.0111381
0.01114
0.0111419
0.0111441
0.0111464
0.0111489
0.0111515
0.0111542
0.0111572
0.0111602
0.0111633
0.0111665
0.0111699
0.0111725
0.0111754
0.0111787
0.0111821
0.0111858
0.0111895
0.0111932
0.0111969
0.011201
0.0112055
0.01121
0.0112148
0.0112198
0.0112253
0.0112315
0.0112381
0.0112453
0.0112527
0.0112604
0.0112683
0.0112766
0.0112846
0.0112932
0.011302
0.0113104
0.011319
0.011328
0.0113372
0.0113467
0.0113565
0.0113665
0.0113771
0.0113882
0.0113993
0.0114104
0.0114217
0.0114331
0.0114447
0.0114563
0.0114679
0.0114796
0.0114914
0.0115032
0.0115153
0.0115277
0.01154
0.0115523
0.0115639
0.0115755
0.0115872
0.011599
0.011611
0.0116231
0.0116352
0.0116472
0.0116592
0.0116712
0.0116829
0.0116946
0.0117062
0.0117177
0.0117288
0.0117397
0.0117505
0.0117611
0.0117715
0.0117819
0.0117921
0.0118022
0.0118121
0.0118218
0.011831
0.0118399
0.0118486
0.0118573
0.0118658
0.0118742
0.0118823
0.01189
0.0118976
0.011905
0.0119123
0.0119192
0.0119259
0.011932
0.0119373
0.0119423
0.0119467
0.0119509
0.0119549
0.0119588
0.0119626
0.011966
0.0119688
0.0119712
0.0119734
0.0119752
0.0119764
0.0119775
0.0119788
0.0119801
0.0119814
0.0119828
0.0119836
0.0119841
0.0119842
0.0119847
0.011985
0.0119853
0.0119857
0.0119861
0.0119865
0.0119871
0.0119873
0.0119873
0.0119876
0.0119879
0.0119883
0.0119888
0.011989
0.0119892
0.0119894
0.0119891
0.0119888
0.0119888
0.0119883
0.0119871
0.0119866
0.011986
0.0119855
0.0119846
0.0119839
0.0119835
0.0119834
0.0119833
0.0119834
0.0119836
0.011984
0.0119843
0.0119849
0.0119857
0.0119869
0.0119888
0.0119912
0.0119938
0.0119963
0.0119993
0.0120029
0.0120068
0.0120108
0.012015
0.0120191
0.0120236
0.0120288
0.0120345
0.0120401
0.0120462
0.0120527
0.0120598
0.012067
0.0120741
0.0120812
0.0120886
0.0120962
0.0121042
0.0121125
0.0121212
0.0121295
0.0121382
0.0121476
0.0121573
0.0121673
0.0121777
0.0121884
0.0121994
0.0122105
0.0122214
0.0122325
0.0122438
0.0122552
0.0122665
0.012278
0.0122895
0.0123014
0.0123135
0.0123252
0.0123372
0.0123494
0.0123618
0.0123743
0.0123868
0.0124001
0.0124137
0.0124277
0.0124418
0.0124562
0.0124704
0.0124845
0.0124986
0.0125128
0.012527
0.0125413
0.0125556
0.0125698
0.0125832
0.0125966
0.01261
0.0126233
0.0126367
0.0126503
0.0126628
0.0126747
0.0126873
0.0127003
0.0127132
0.0127262
0.0127391
0.0127511
0.0127631
0.0127751
0.0127869
0.0127985
0.0128102
0.0128219
0.0128332
0.0128444
0.0128554
0.0128666
0.0128776
0.012888
0.0128983
0.0129084
0.0129185
0.0129284
0.0129384
0.0129483
0.0129582
0.012968
0.0129777
0.0129873
0.0129966
0.0130055
0.0130144
0.0130236
0.0130333
0.0130431
0.013053
0.0130631
0.0130731
0.0130824
0.0130919
0.0131017
0.0131116
0.0131216
0.0131316
0.0131419
0.0131531
0.0131647
0.0131768
0.0131893
0.0132024
0.013216
0.0132299
0.013244
0.0132582
0.0132724
0.013287
0.013302
0.0133181
0.0133335
0.0133492
0.0133649
0.0133804
0.0133962
0.0134122
0.0134282
0.0134445
0.0134608
0.0134772
0.0134937
0.0135098
0.0135257
0.0135415
0.0135576
0.0135737
0.0135901
0.0136064
0.013623
0.0136396
0.0136559
0.0136721
0.0136882
0.0137042
0.01372
0.0137356
0.0137509
0.0137661
0.0137812
0.0137962
0.0138115
0.0138264
0.0138413
0.013856
0.0138706
0.0138848
0.013899
0.0139126
0.0139261
0.0139397
0.0139532
0.0139665
0.0139798
0.0139934
0.0140071
0.0140209
0.0140345
0.0140481
0.014062
0.014076
0.0140904
0.0141048
0.0141189
0.0141329
0.0141465
0.0141603
0.0141743
0.0141878
0.0142017
0.0142158
0.0142299
0.0142445
0.0142595
0.014275
0.0142908
0.0143064
0.0143227
0.0143396
0.014356
0.0143729
0.0143904
0.0144086
0.0144265
0.0144447
0.0144633
0.0144819
0.0145005
0.0145191
0.014538
0.0145567
0.0145759
0.0145953
0.0146151
0.014635
0.014655
0.0146751
0.0146954
0.0147159
0.0147368
0.0147582
0.0147798
0.0148007
0.0148221
0.0148439
0.0148657
0.0148874
0.0149093
0.0149311
0.0149531
0.0149751
0.0149969
0.0150191
0.0150411
0.0150631
0.0150851
0.0151071
0.0151292
0.015151
0.0151726
0.0151945
0.0152169
0.0152398
0.0152622
0.0152848
0.0153072
0.0153293
0.0153513
0.0153733
0.0153958
0.0154185
0.0154413
0.0154649
0.0154901
0.0155133
0.0155384
0.0155634
0.0155887
0.0156142
0.0156387
0.015663
0.0156873
0.0157112
0.0157353
0.0157593
0.0157839
0.015809
0.0158342
0.0158593
0.0158843
0.0159093
0.0159345
0.0159601
0.0159858
0.0160118
0.0160383
0.0160646
0.0160907
0.0161166
0.0161431
0.0161701
0.0161975
0.0162258
0.0162542
0.0162825
0.0163118
0.0163408
0.0163698
0.016399
0.0164279
0.0164566
0.0164856
0.0165152
0.0165457
0.0165769
0.0166087
0.0166408
0.0166733
0.0167062
0.0167393
0.0167727
0.0168059
0.0168396
0.0168733
0.0169073
0.0169419
0.0169767
0.0170117
0.0170464
0.0170809
0.0171156
0.0171497
0.0171842
0.0172186
0.0172526
0.0172865
0.0173207
0.017355
0.0173881
0.0174218
0.0174555
0.01749
0.0175259
0.0175604
0.0175949
0.0176301
0.0176658
0.0177018
0.017738
0.0177723
0.0178076
0.0178427
0.0178777
0.0179135
0.0179497
0.0179859
0.0180216
0.0180574
0.0180923
0.018128
0.0181638
0.0182
0.0182367
0.0182739
0.0183113
0.018349
0.018387
0.0184247
0.0184634
0.0185019
0.0185399
0.0185781
0.0186155
0.0186517
0.018688
0.0187239
0.018758
0.0187917
0.0188253
0.0188579
0.0188898
0.0189212
0.0189514
0.0189811
0.0190107
0.0190411
0.0190723
0.0191041
0.0191361
0.0191689
0.0192023
0.019236
0.0192702
0.0193058
0.0193437
0.0193827
0.0194224
0.0194629
0.0195049
0.0195483
0.019594
0.0196425
0.019693
0.0197448
0.0197991
0.0198547
0.0199115
0.0199711
0.0200331
0.0200969
0.0201627
0.0202302
0.0202992
0.0203699
0.0204423
0.0205158
0.0205895
0.0206642
0.0207402
0.0208179
0.0208975
0.0209774
0.0210588
0.0211411
0.0212246
0.0213088
0.021393
0.021477
0.0215617
0.0216478
0.0217352
0.0218234
0.021914
0.0220066
0.0221011
0.0221984
0.0222989
0.0224016
0.0225067
0.022614
0.0227241
0.0228362
0.0229508
0.0230659
0.0231833
0.0233
0.023417
0.0235343
0.0236514
0.0237661
0.0238798
0.0239934
0.024106
0.0242169
0.0243235
0.0244246
0.0245256
0.0246194
0.0247101
0.0247991
0.0248852
0.0249686
0.0250457
0.0251204
0.0251903
0.0252547
0.0253152
0.0253697
0.0254207
0.0254672
0.0255115
0.0255499
0.0255842
0.0256149
0.0256432
0.0256656
0.0256855
0.0257023
0.0257166
0.0257286
0.0257398
0.0257516
0.0257603
0.0257678
0.0257722
0.0257793
0.0257868
0.0257928
0.0257972
0.0257992
0.0257993
0.0257985
0.0257969
0.0257965
0.0257936
0.0257906
0.0257883
0.0257866
0.0257874
0.0257916
0.0257975
0.0258049
0.0258107
0.0258187
0.0258296
0.0258417
0.025858
0.0258802
0.0259052
0.0259334
0.0259649
0.0259977
0.0260331
0.0260729
0.0261125
0.0261555
0.0261971
0.0262398
0.0262836
0.0263274
0.0263704
0.0264133
0.0264507
0.0264853
0.0265196
0.0265561
0.0265899
0.0266247
0.0266622
0.0267004
0.0267387
0.0267748
0.0268074
0.0268401
0.0268712
0.0269023
0.0269305
0.0269559
0.0269768
0.0269969
0.0270157
0.0270349
0.0270512
0.0270669
0.0270825
0.0270979
0.027113
0.0271294
0.0271474
0.0271664
0.0271859
0.0272034
0.0272237
0.0272366
0.0272451
0.0272512
0.0272549
0.0272584
0.0272601
0.0272623
0.0272585
0.0272452
0.0272307
0.0272114
0.0271862
0.0271607
0.0271366
0.0271151
0.0270972
0.0270842
0.0270747
0.0270622
0.0270479
0.0270378
0.0270325
0.0270267
0.0270214
0.0270155
0.0270114
0.0270053
0.0269846
0.0269683
0.0269602
0.0269594
0.0269649
0.0269755
0.0269928
0.0270128
0.0270206
0.0270378
0.0270641
0.0270979
0.0271342
0.0271748
0.0272147
0.0272587
0.027303
0.0273388
0.0273605
0.0273805
0.027409
0.027439
0.0274686
0.0275007
0.0275327
0.0275581
0.0275718
0.0275763
0.0275815
0.0275886
0.0275995
0.0276122
0.0276237
0.0276312
0.0276369
0.0276394
0.0276291
0.0276161
0.0276108
0.0276086
0.0276138
0.0276302
0.0276358
0.0276388
0.0276475
0.0276572
0.0276658
0.0276773
0.027687
0.0276938
0.0277116
0.0277486
0.0277527
0.0277487
0.0277411
0.02773
0.0277175
0.0276998
0.0276798
0.0276546
0.0276226
0.027588
0.0275581
0.0275306
0.0275051
0.0274822
0.027448
0.0273967
0.0273678
0.0273336
0.0272985
0.0272687
0.0272413
0.0271935
0.0271273
0.027066
0.0270101
0.0269578
0.026909
0.0268627
0.0268226
0.0267925
0.0267764
0.0267743
0.026785
0.0268105
0.0268411
0.0268861
0.0269423
0.0270054
0.027068
0.0271181
0.0271577
0.0271906
0.027215
0.0272313
0.027236
0.0272314
0.0272232
0.027221
0.0272104
0.0272072
0.0272083
0.0272223
0.0272445
0.0272644
0.0272848
0.0272892
0.0272633
0.0272452
0.0272342
0.0272281
0.0272289
0.0272256
0.0272183
0.0272037
0.0271811
0.0271477
0.0270941
0.0270483
0.027014
0.0269732
0.026936
0.0269013
0.0268632
0.0268255
0.0267805
0.0267292
0.0266667
0.0265945
0.0265293
0.0264679
0.0264098
0.0263581
0.0263117
0.0262687
0.0262228
0.0261811
0.0261535
0.0261262
0.0260974
0.0260659
0.0260334
0.0260013
0.0259707
0.0259415
0.0259098
0.0258728
0.0258278
0.0257761
0.0257172
0.0256558
0.0255842
0.025515
0.0254557
0.0254078
0.025371
0.0253401
0.0253128
0.0252878
0.0252736
0.0252663
0.0252621
0.0252608
0.0252579
0.0252545
0.0252477
0.025239
0.025238
0.0252298
0.0252179
0.0252021
0.0251772
0.0251466
0.0251122
0.0250688
0.025022
0.0249683
0.0248876
0.0248025
0.0246897
0.024592
0.0245084
0.0244281
0.0243559
0.0242833
0.0242144
0.0241395
0.024061
0.0239889
0.0239236
0.0238718
0.0238277
0.0237886
0.0237565
0.023731
0.0237135
0.023703
0.0236708
0.0236363
0.0236149
0.0235959
0.0235613
0.0235344
0.023519
0.0235124
0.0235147
0.0235214
0.0235304
0.0235415
0.0235502
0.0235468
0.0235299
0.0235057
0.0234741
0.0234393
0.0234039
0.0233673
0.0233314
0.0232953
0.0232546
0.0232192
0.0231876
0.0231595
0.023133
0.0231097
0.0230797
0.0230189
0.0229442
0.0228589
0.0227782
0.0227042
0.0226322
0.0225619
0.0224927
0.0224232
0.0223569
0.0222917
0.0222167
0.0221398
0.0220656
0.0219942
0.0219217
0.0218567
0.021806
0.0217672
0.0217379
0.021712
0.0216791
0.0216365
0.0215952
0.0215513
0.0215015
0.0214497
0.0214095
0.0213577
0.02132
0.0212903
0.0212673
0.0212511
0.021256
0.0212449
0.0212354
0.0212286
0.0212261
0.0212268
0.0212125
0.0211772
0.0211407
0.0211028
0.0210578
0.0210187
0.0209815
0.0209487
0.020922
0.0209075
0.0209036
0.0209012
0.0209091
0.0209218
0.0209373
0.0209571
0.020972
0.020989
0.0210063
0.0210165
0.0210276
0.0210427
0.0210585
0.0210722
0.0210796
0.021086
0.0210906
0.0210913
0.0210901
0.0210859
0.0210804
0.0210718
0.0210613
0.0210524
0.021046
0.0210375
0.0210285
0.0210216
0.0210109
0.0210015
0.020991
0.0209808
0.0209726
0.0209666
0.0209597
0.020941
0.0209228
0.020897
0.0208588
0.0208056
0.0207413
0.0206816
0.0206258
0.0205718
0.0205194
0.0204711
0.0204248
0.0203815
0.0203425
0.0203032
0.0202682
0.0202337
0.0202007
0.0201702
0.0201426
0.0201147
0.0200854
0.0200569
0.0200279
0.020001
0.0199795
0.0199592
0.0199355
0.0199132
0.0198916
0.0198675
0.0198465
0.0198254
0.0197991
0.0197793
0.0197626
0.0197454
0.019731
0.0197207
0.0197127
0.019703
0.0196908
0.0196777
0.0196638
0.0196491
0.019631
0.0196093
0.0195836
0.0195573
0.0195337
0.0195096
0.0194747
0.0194357
0.0194026
0.0193714
0.0193399
0.0193072
0.0192778
0.0192526
0.0192351
0.0192237
0.0192167
0.019211
0.0192079
0.019206
0.0192044
0.0192011
0.0191984
0.0191921
0.0191786
0.0191646
0.0191522
0.0191412
0.0191308
0.0191171
0.0191026
0.0190871
0.0190693
0.0190485
0.0190262
0.0190031
0.0189772
0.0189498
0.0189233
0.0188935
0.018865
0.0188394
0.0188143
0.018792
0.0187723
0.0187553
0.0187413
0.0187313
0.0187245
0.01872
0.0187183
0.01872
0.0187228
0.0187255
0.0187273
0.0187253
0.0187168
0.0186996
0.0186831
0.0186683
0.0186515
0.0186341
0.0186078
0.0185816
0.018554
0.0185256
0.0184959
0.0184609
0.0184232
0.0183834
0.0183428
0.0183028
0.0182641
0.0182254
0.0181883
0.0181565
0.018127
0.0180961
0.0180657
0.0180387
0.0180136
0.0179916
0.0179724
0.0179556
0.0179423
0.0179324
0.017924
0.0179163
0.0179108
0.0179054
0.0179011
0.0178991
0.0178983
0.0178946
0.0178889
0.0178815
0.0178745
0.017863
0.0178465
0.0178237
0.0178013
0.0177801
0.0177588
0.0177358
0.0177111
0.0176835
0.0176545
0.0176293
0.0176017
0.0175753
0.0175494
0.0175237
0.0174987
0.0174753
0.0174547
0.0174374
0.017411
0.0173954
0.0173822
0.0173674
0.0173553
0.0173481
0.0173456
0.0173479
0.0173533
0.0173608
0.0173687
0.0173771
0.0173824
0.0173827
0.0173771
0.0173653
0.0173347
0.0172991
0.0172558
0.0172167
0.0171771
0.0171361
0.0170973
0.0170595
0.0170253
0.0169984
0.0169729
0.0169532
0.0169384
0.0169279
0.0169209
0.0169136
0.0169007
0.0168897
0.01688
0.0168709
0.0168642
0.0168636
0.0168611
0.016853
0.0168434
0.0168364
0.0168218
0.0168057
0.0167917
0.0167779
0.0167633
0.0167496
0.0167274
0.0167037
0.0166817
0.0166597
0.0166367
0.0166136
0.016589
0.0165505
0.0165112
0.0164725
0.0164342
0.0163976
0.0163628
0.016329
0.0162935
0.0162606
0.016226
0.0161922
0.016159
0.0161281
0.0160931
0.0160616
0.0160272
0.0160027
0.0159832
0.015968
0.0159568
0.0159506
0.0159827
0.0159754
0.0159774
0.0160014
0.0160018
0.0160072
0.0160116
0.0160145
0.0160171
0.0159937
0.0159969
0.0159985
0.0159995
0.0160004
0.0160014
0.0160027
0.0160037
0.0160049
0.0160033
0.0159981
0.0159922
0.0159981
0.0159874
0.0159756
0.0159617
0.0159456
0.0159328
0.0159122
0.0158931
0.0158742
0.015856
0.0158355
0.0158142
0.0157931
0.0157727
0.0157525
0.0157328
0.0157111
0.0156907
0.0156718
0.0156546
0.0156384
0.0156232
0.0156088
0.015594
0.0155776
0.0155605
0.0155439
0.0155263
0.0155035
0.0154788
0.0154563
0.0154352
0.0154132
0.0153917
0.0153721
0.0153541
0.0153359
0.0153158
0.0152969
0.0152783
0.0152596
0.0152415
0.015224
0.0152067
0.0151886
0.0151711
0.015154
0.015135
0.015114
0.0150944
0.0150754
0.0150585
0.01504
0.0150236
0.0150086
0.0149965
0.0149854
0.0149749
0.0149653
0.0149549
0.0149457
0.0149365
0.0149282
0.0149205
0.014914
0.0149076
0.0149007
0.0148952
0.0148906
0.0148864
0.0148799
0.014872
0.014863
0.0148537
0.0148445
0.0148365
0.01483
0.014824
0.0148187
0.014814
0.0148097
0.0148052
0.0148008
0.0147966
0.0147923
0.0147884
0.0147849
0.0147814
0.0147793
0.0147779
0.0147758
0.0147743
0.0147746
0.0147738
0.0147701
0.0147657
0.0147588
0.0147506
0.0147417
0.0147322
0.0147219
0.0147105
0.0146998
0.0146901
0.0146806
0.0146705
0.0146601
0.0146505
0.0146404
0.0146277
0.0146126
0.0145971
0.0145803
0.0145601
0.014538
0.0145165
0.0144953
0.0144736
0.0144519
0.0144306
0.0144083
0.0143862
0.014365
0.0143437
0.0143215
0.0142992
0.0142766
0.014254
0.0142312
0.0142089
0.0141864
0.0141647
0.0141437
0.0141223
0.0141012
0.0140808
0.0140612
0.0140417
0.0140223
0.0140031
0.0139856
0.0139706
0.0139563
0.0139435
0.0139302
0.0139178
0.0139072
0.0138977
0.0138846
0.0138728
0.0138628
0.0138545
0.0138478
0.0138427
0.013839
0.0138362
0.0138351
0.0138347
0.0138345
0.0138348
0.0138354
0.0138358
0.0138363
0.0138374
0.0138366
0.0138361
0.0138352
0.013834
0.0138323
0.0138297
0.0138262
0.0138224
0.0138192
0.0138163
0.0138123
0.0138097
0.0138074
0.0138036
0.0137982
0.0137925
0.0137863
0.0137799
0.0137696
0.0137586
0.0137477
0.013736
0.0137244
0.0137127
0.0137004
0.0136874
0.0136742
0.0136612
0.0136487
0.0136368
0.0136261
0.0136163
0.0136067
0.0135961
0.013586
0.0135765
0.0135655
0.0135544
0.0135429
0.0135444
0.0135506
0.0135404
0.0135479
0.0135518
0.013532
0.013507
0.0134938
0.013477
0.013462
0.0134483
0.0134361
0.0134256
0.0134169
0.0134097
0.0134047
0.0134024
0.0133974
0.0133858
0.0133751
0.0133646
0.0133542
0.0133445
0.0133344
0.0133256
0.0133161
0.0133068
0.013297
0.0132883
0.01328
0.0132727
0.0132669
0.01326
0.0132526
0.0132449
0.0132391
0.0132348
0.0132322
0.0132318
0.0132332
0.0132357
0.0132383
0.0132404
0.0132435
0.0132455
0.013249
0.0132531
0.0132578
0.0132628
0.0132674
0.0132721
0.0132769
0.0132799
0.0132823
0.0132847
0.0132869
0.0132883
0.0132893
0.0132894
0.0132887
0.0132879
0.0132871
0.0132861
0.013285
0.013283
0.0132816
0.0132798
0.013278
0.0132772
0.0132743
0.0132706
0.0132672
0.0132629
0.0132576
0.0132522
0.0132468
0.0132414
0.0132363
0.0132296
0.0132231
0.0132169
0.0132111
0.0132043
0.013196
0.0131857
0.0131764
0.0131671
0.0131584
0.0131479
0.0131376
0.0131275
0.013118
0.0131086
0.0130978
0.0130875
0.0130779
0.0130688
0.0130597
0.0130507
0.0130415
0.0130329
0.0130232
0.0130138
0.0130058
0.0129977
0.0129889
0.0129797
0.0129705
0.0129616
0.0129536
0.012946
0.0129386
0.0129313
0.0129236
0.0129165
0.0129095
0.0129026
0.0128959
0.0128902
0.0128849
0.0128787
0.0128717
0.0128649
0.0128587
0.0128527
0.0128471
0.0128422
0.0128381
0.0128348
0.0128326
0.0128319
0.0128321
0.0128333
0.0128353
0.0128377
0.0128406
0.0128444
0.0128465
0.0128468
0.0128483
0.01285
0.0128517
0.0128535
0.012855
0.0128566
0.0128567
0.0128552
0.012853
0.0128491
0.0128437
0.012836
0.0128268
0.0128169
0.0128059
0.0127933
0.0127798
0.012766
0.0127518
0.0127365
0.0127213
0.0127067
0.0126915
0.0126759
0.0126607
0.0126459
0.0126319
0.0126183
0.0126055
0.0125927
0.0125806
0.0125679
0.0125518
0.0125377
0.0125248
0.0125131
0.0125027
0.0124926
0.0124831
0.0124747
0.0124676
0.0124606
0.0124533
0.0124463
0.0124404
0.0124347
0.0124297
0.012426
0.0124217
0.0124181
0.0124145
0.012411
0.0124076
0.0124033
0.0123988
0.0123917
0.0123853
0.0123792
0.0123736
0.0123687
0.0123641
0.01236
0.0123563
0.0123523
0.0123482
0.0123424
0.0123375
0.0123336
0.0123313
0.012329
0.0123281
0.0123273
0.0123263
0.0123241
0.0123219
0.0123204
0.012319
0.012318
0.0123169
0.0123157
0.0123144
0.0123131
0.0123124
0.012312
0.0123123
0.0123127
0.0123136
0.0123148
0.0123161
0.0123177
0.0123195
0.0123205
0.0123217
0.0123231
0.0123242
0.0123254
0.0123264
0.0123276
0.012329
0.0123304
0.012332
0.0123342
0.0123371
0.0123404
0.0123438
0.0123477
0.0123513
0.0123542
0.0123542
0.0123534
0.0123519
0.0123503
0.0123482
0.0123461
0.0123439
0.0123413
0.0123382
0.0123358
0.0123332
0.0123309
0.0123291
0.0123278
0.0123267
0.012325
0.0123242
0.0123245
0.0123257
0.0123259
0.0123266
0.0123277
0.012329
0.0123312
0.0123336
0.0123347
0.0123356
0.0123372
0.0123395
0.0123423
0.0123455
0.0123493
0.0123533
0.012357
0.0123611
0.0123663
0.0123725
0.0123793
0.012386
0.0123931
0.0124008
0.012409
0.0124172
0.0124261
0.0124354
0.0124439
0.0124529
0.0124629
0.0124734
0.0124831
0.0124928
0.0125025
0.0125119
0.0125189
0.0125273
0.0125362
0.0125447
0.0125529
0.0125607
0.0125685
0.0125754
0.0125807
0.0125859
0.0125912
0.0125965
0.0126021
0.0126081
0.0126145
0.0126212
0.0126272
0.012633
0.0126387
0.0126437
0.0126486
0.012653
0.0126563
0.0126597
0.012663
0.0126649
0.0126668
0.0126689
0.0126714
0.0126729
0.0126736
0.0126742
0.0126736
0.0126728
0.0126713
0.0126697
0.0126635
0.0126608
0.0126579
0.0126539
0.0126499
0.0126462
0.0126427
0.0126523
0.0126498
0.0126474
0.0126448
0.0126418
0.0126185
0.0126103
0.0126056
0.0126007
0.0125955
0.0125893
0.012583
0.0125765
0.0125697
0.0125618
0.0125535
0.012545
0.0125361
0.0125264
0.0125166
0.0125064
0.0124958
0.0124858
0.0124761
0.0124661
0.0124552
0.0124445
0.0124331
0.0124213
0.0124094
0.012398
0.0123851
0.0123726
0.0123608
0.0123495
0.0123393
0.0123296
0.0123202
0.012311
0.0123025
0.012294
0.0122876
0.0122821
0.0122777
0.0122735
0.0122707
0.0122692
0.0122688
0.0122684
0.0122683
0.0122687
0.0122695
0.0122708
0.0122746
0.0122793
0.0122845
0.01229
0.0122966
0.0123037
0.0123114
0.0123198
0.0123288
0.012338
0.0123471
0.0123561
0.0123648
0.0123724
0.0123705
0.0123679
0.0123652
0.0123609
0.0123565
0.0123526
0.0123479
0.0123407
0.0123309
0.0123207
0.0123101
0.0122992
0.0122894
0.0122799
0.0122701
0.0122604
0.0122504
0.0122396
0.0122282
0.0122163
0.0122038
0.0121917
0.0121785
0.0121618
0.0121446
0.0121296
0.012112
0.012094
0.0120754
0.0120564
0.0120365
0.0120177
0.0119988
0.0119794
0.0119603
0.0119419
0.0119239
0.0119065
0.0118889
0.0118712
0.0118524
0.011834
0.0118171
0.0118017
0.0117901
0.0117784
0.0117682
0.0117589
0.0117509
0.011744
0.0117376
0.011732
0.0117279
0.0117215
0.011719
0.0117171
0.0117151
0.0117135
0.0117124
0.0117121
0.0117125
0.0117138
0.0117155
0.0117175
0.0117191
0.0117196
0.0117196
0.0117204
0.0117223
0.0117244
0.0117269
0.0117301
0.0117341
0.0117388
0.0117444
0.0117506
0.011757
0.0117634
0.0117703
0.011777
0.0117836
0.0117898
0.0117956
0.0118024
0.011809
0.0118148
0.0118181
0.0118207
0.0118244
0.0118291
0.0118338
0.0118396
0.0118449
0.0118509
0.0118567
0.0118662
0.0118702
0.0118798
0.0118833
0.0118896
0.0118966
0.0119041
0.0119112
0.0119189
0.011927
0.0119327
0.0119386
0.0119437
0.0119486
0.0119518
0.011954
0.0119572
0.0119604
0.0119639
0.0119676
0.0119715
0.0119749
0.0119786
0.0119817
0.0119837
0.0119852
0.0119873
0.0119894
0.0119917
0.0119941
0.0119949
0.011995
0.0119951
0.0119951
0.0119949
0.011995
0.0119953
0.0119955
0.0119959
0.0119965
0.0119974
0.0119985
0.0119992
0.0120001
0.0120009
0.0120018
0.0120025
0.0120034
0.0120043
0.0120055
0.0120065
0.0120084
0.0120086
0.0120097
0.012012
0.0120149
0.0120179
0.0120214
0.0120251
0.0120302
0.0120358
0.012042
0.012049
0.0120552
0.0120614
0.0120678
0.0120744
0.0120807
0.0120862
0.0120911
0.0120955
0.0120993
0.0121019
0.0121039
0.0121056
0.0121066
0.0121072
0.0121071
0.0121068
0.012106
0.012105
0.0121038
0.0121016
0.012099
0.012096
0.0120932
0.0120901
0.012084
0.0120778
0.0120712
0.0120647
0.0120577
0.0120505
0.0120435
0.0120367
0.0120299
0.0120225
0.0120144
0.0120055
0.0119963
0.0119868
0.0119771
0.0119673
0.011957
0.0119465
0.0119363
0.0119264
0.0119164
0.0119061
0.0118952
0.0118841
0.0118729
0.0118617
0.0118502
0.0118369
0.0118235
0.0118092
0.0117943
0.0117794
0.0117645
0.0117508
0.0117378
0.0117251
0.0117126
0.0117003
0.0116879
0.0116754
0.0116632
0.0116514
0.0116402
0.0116298
0.0116203
0.0116109
0.011602
0.0115941
0.0115876
0.0115819
0.0115743
0.0115672
0.0115613
0.011557
0.0115542
0.0115504
0.0115431
0.0115336
0.0115244
0.0115153
0.0115058
0.0114966
0.0114879
0.0114794
0.011471
0.0114629
0.0114548
0.0114471
0.0114397
0.0114332
0.0114271
0.0114213
0.0114156
0.0114108
0.0114066
0.0114026
0.0113985
0.0113941
0.0113894
0.0113849
0.0113807
0.0113758
0.0113698
0.0113636
0.011357
0.0113506
0.0113407
0.0113337
0.0113272
0.0113211
0.0113153
0.0113096
0.0113037
0.0112991
0.0112947
0.011291
0.0112879
0.0112856
0.0112842
0.0112832
0.0112825
0.0112821
0.0112819
0.0112819
0.0112822
0.0112826
0.0112833
0.0112834
0.0112828
0.0112818
0.011281
0.0112806
0.0112815
0.0112832
0.0112866
0.0112889
0.0112916
0.0112938
0.0112968
0.0113002
0.0113051
0.0113065
0.0113011
0.0113012
0.011301
0.0113013
0.0113015
0.0113056
0.0113021
0.0112986
0.0112948
0.0112905
0.0112858
0.011281
0.0112764
0.0112716
0.0112664
0.0112607
0.011254
0.011247
0.0112404
0.0112345
0.011229
0.0112241
0.0112199
0.011216
0.0112119
0.0112089
0.0112067
0.0112055
0.0112054
0.0112059
0.0112073
0.0112095
0.0112128
0.0112168
0.0112211
0.0112256
0.0112304
0.011236
0.0112421
0.0112485
0.0112549
0.0112617
0.0112691
0.0112763
0.0112835
0.0112905
0.0112968
0.0113024
0.0113073
0.0113115
0.0113153
0.0113191
0.0113231
0.011327
0.0113302
0.0113283
0.0113276
0.0113273
0.0113267
0.0113262
0.0113258
0.0113248
0.0113236
0.0113226
0.0113213
0.0113197
0.0113175
0.0113145
0.0113114
0.011308
0.0113035
0.0112984
0.0112931
0.0112877
0.0112808
0.0112731
0.0112649
0.0112567
0.011249
0.0112412
0.0112327
0.011223
0.011214
0.0112041
0.0111945
0.0111845
0.0111748
0.0111651
0.0111558
0.0111468
0.0111383
0.01113
0.0111219
0.0111142
0.0111067
0.0110989
0.0110912
0.0110834
0.0110754
0.0110672
0.0110588
0.0110506
0.0110423
0.0110341
0.0110262
0.0110185
0.0110113
0.011003
0.0109927
0.0109828
0.0109725
0.010963
0.0109548
0.0109475
0.0109407
0.0109344
0.0109286
0.0109236
0.010919
0.0109149
0.0109116
0.010909
0.010907
0.0109051
0.0109033
0.0109016
0.0109002
0.010899
0.0108982
0.0108978
0.0108978
0.0108981
0.0108984
0.0108989
0.0108988
0.0108983
0.0108988
0.0108998
0.0109007
0.010902
0.0109035
0.0109056
0.0109082
0.010908
0.0109073
0.0109062
0.010903
0.0108979
0.0108959
0.0108942
0.0108926
0.0108911
0.0108896
0.0108882
0.010888
0.0108887
0.0108897
0.0108899
0.0108901
0.0108901
0.0108894
0.0108892
0.010889
0.01088
0.0108899
0.0108901
0.010891
0.0108921
0.0108935
0.0108901
0.0108858
0.010881
0.0108688
0.0108588
0.0108533
0.0108495
0.0108454
0.0108431
0.0108408
0.0108389
0.0108373
0.0108358
0.0108343
0.0108333
0.0108324
0.0108313
0.010831
0.0108306
0.0108292
0.0108279
0.0108271
0.0108266
0.0108252
0.0108243
0.0108232
0.0108219
0.0108206
0.010819
0.0108168
0.0108145
0.0108121
0.0108101
0.0108082
0.0108066
0.0108053
0.0108047
0.0108041
0.0108038
0.0108035
0.0108033
0.0108034
0.0108038
0.0108041
0.0108043
0.0108046
0.0108043
0.0108041
0.010804
0.010804
0.0108033
0.0108026
0.0108016
0.0108006
0.0108002
0.0108
0.0108001
0.0108005
0.0108009
0.0108011
0.0108002
0.0107996
0.0107993
0.0107991
0.010799
0.0107993
0.0107999
0.0108006
0.0108007
0.0108007
0.0108007
0.0108012
0.0108019
0.0108025
0.010803
0.0108013
0.0107986
0.0107957
0.0107928
0.0107892
0.010786
0.0107835
0.0107814
0.0107797
0.0107782
0.0107766
0.0107748
0.0107733
0.0107718
0.0107707
0.0107699
0.0107692
0.0107685
0.010768
0.0107678
0.0107678
0.0107681
0.0107685
0.0107691
0.0107698
0.0107702
0.0107706
0.010771
0.0107714
0.0107717
0.0107714
0.0107713
0.0107712
0.0107709
0.0107704
0.0107696
0.0107689
0.0107678
0.0107667
0.0107659
0.0107651
0.0107633
0.0107608
0.0107584
0.0107559
0.0107528
0.0107481
0.0107434
0.0107386
0.010734
0.0107293
0.0107249
0.0107207
0.0107167
0.010713
0.0107093
0.0107059
0.0107026
0.0106993
0.0106959
0.010693
0.01069
0.0106849
0.0106816
0.0106766
0.0106716
0.0106672
0.0106631
0.0106594
0.0106555
0.0106513
0.0106474
0.0106438
0.0106404
0.0106371
0.0106341
0.0106308
0.0106274
0.0106242
0.0106209
0.0106178
0.0106149
0.0106121
0.0106092
0.0106065
0.0106039
0.0106016
0.0105999
0.0105985
0.0105973
0.0105963
0.0105954
0.0105951
0.010595
0.0105923
0.0105883
0.0105845
0.0105816
0.0105789
0.0105775
0.0105763
0.010575
0.0105748
0.010575
0.0105759
0.0105776
0.0105796
0.0105819
0.0105841
0.0105829
0.0105824
0.0105822
0.0105822
0.0105794
0.0105785
0.0105789
0.0105798
0.010581
0.0105829
0.0105845
0.0105854
0.0105858
0.0105862
0.0105872
0.0105891
0.0105915
0.0105944
0.0105971
0.0106003
0.0106042
0.0106083
0.0106126
0.0106176
0.0106226
0.0106269
0.0106315
0.0106361
0.0106408
0.0106459
0.0106507
0.0106549
0.0106597
0.0106647
0.0106688
0.010673
0.0106777
0.0106826
0.0106877
0.0106928
0.0106981
0.0107035
0.0107084
0.0107133
0.0107181
0.010723
0.0107278
0.010733
0.0107384
0.0107437
0.0107492
0.0107547
0.0107606
0.0107659
0.0107715
0.0107769
0.0107817
0.0107868
0.0107917
0.0107966
0.0108029
0.0108092
0.0108148
0.01082
0.0108243
0.010829
0.0108341
0.0108388
0.0108442
0.0108493
0.0108544
0.0108594
0.010865
0.0108705
0.0108767
0.0108825
0.0108889
0.0108953
0.0109014
0.0109056
0.0109103
0.0109149
0.0109187
0.010923
0.0109276
0.0109322
0.0109359
0.01094
0.010944
0.0109479
0.0109522
0.010956
0.01096
0.0109637
0.0109676
0.0109713
0.0109749
0.0109786
0.0109821
0.0109861
0.0109895
0.0109924
0.0109964
0.0110001
0.0110038
0.0110069
0.0110097
0.0110123
0.0110145
0.0110167
0.0110179
0.0110187
0.0110192
0.0110192
0.0110193
0.0110191
0.011019
0.0110186
0.0110172
0.0110146
0.011013
0.0110118
0.0110113
0.0110107
0.0110104
0.0110098
0.011009
0.0110083
0.0110078
0.0110069
0.0110054
0.0110039
0.011001
0.0109986
0.0109964
0.0109943
0.0109923
0.0109904
0.0109891
0.010988
0.010987
0.0109867
0.0109871
0.0109877
0.0109879
0.0109882
0.0109887
0.0109897
0.0109904
0.0109919
0.0109935
0.010996
0.0109984
0.0110013
0.011005
0.0110085
0.0110117
0.0110151
0.0110182
0.0110224
0.0110263
0.0110301
0.0110338
0.0110377
0.0110413
0.011045
0.0110481
0.0110516
0.011055
0.0110584
0.0110616
0.0110644
0.0110675
0.0110699
0.0110719
0.0110731
0.0110741
0.0110751
0.0110764
0.011078
0.0110796
0.0110816
0.0110837
0.011085
0.0110861
0.0110865
0.0110858
0.0110846
0.0110831
0.0110816
0.0110794
0.0110751
0.0110702
0.0110651
0.0110602
0.0110555
0.0110501
0.0110446
0.0110391
0.0110339
0.0110282
0.0110228
0.0110178
0.0110133
0.0110094
0.0110058
0.0110023
0.0109996
0.0109974
0.0109955
0.0109934
0.0109914
0.0109897
0.0109883
0.0109867
0.0109846
0.0109816
0.0109792
0.0109776
0.0109761
0.0109746
0.0109736
0.0109731
0.0109737
0.0109758
0.0109818
0.0109924
0.010995
0.010998
0.0110013
0.0110041
0.011006
0.011007
0.0110085
0.0110101
0.0110122
0.0110146
0.0110164
0.0110188
0.0110215
0.011025
0.0110292
0.0110337
0.0110386
0.0110438
0.0110494
0.0110553
0.0110617
0.0110683
0.0110751
0.0110819
0.0110884
0.011095
0.0111017
0.0111085
0.0111154
0.0111225
0.0111293
0.0111348
0.011141
0.0111472
0.0111538
0.0111605
0.0111672
0.0111738
0.0111802
0.0111865
0.0111929
0.0111996
0.0112062
0.0112121
0.0112177
0.0112229
0.0112277
0.0112322
0.0112361
0.0112402
0.0112443
0.0112482
0.0112521
0.011256
0.0112596
0.0112624
0.0112656
0.011269
0.0112726
0.0112765
0.0112811
0.0112855
0.0112901
0.011295
0.0113007
0.0113068
0.0113132
0.0113195
0.0113263
0.0113331
0.0113396
0.0113457
0.0113514
0.011356
0.0113604
0.0113646
0.0113684
0.0113715
0.0113742
0.0113763
0.0113778
0.0113797
0.0113816
0.0113835
0.0113862
0.0113896
0.0113923
0.0113948
0.0113976
0.011401
0.011405
0.01141
0.0114126
0.0114154
0.0114189
0.011423
0.0114266
0.0114298
0.0114337
0.0114374
0.0114408
0.0114439
0.0114469
0.0114499
0.011452
0.0114538
0.0114564
0.0114596
0.0114616
0.0114615
0.0114616
0.0114616
0.0114618
0.0114615
0.0114607
0.0114593
0.0114572
0.0114543
0.0114504
0.0114458
0.0114403
0.0114341
0.0114272
0.0114193
0.0114103
0.0114011
0.0113919
0.0113819
0.0113716
0.0113614
0.0113512
0.011341
0.0113311
0.0113207
0.0113105
0.0113008
0.011291
0.0112806
0.0112708
0.0112617
0.0112528
0.0112445
0.0112361
0.0112277
0.0112191
0.0112099
0.0112007
0.0111914
0.0111815
0.0111719
0.0111618
0.0111513
0.0111409
0.0111305
0.0111206
0.0111106
0.0111005
0.0110904
0.0110801
0.0110695
0.0110591
0.0110488
0.0110379
0.0110256
0.011013
0.0110005
0.0109883
0.0109765
0.0109645
0.0109517
0.0109393
0.0109269
0.0109148
0.0109031
0.0108918
0.0108804
0.0108692
0.0108582
0.010848
0.0108384
0.0108292
0.0108207
0.0108127
0.0108053
0.0107987
0.0107929
0.0107878
0.0107836
0.0107806
0.0107789
0.0107776
0.0107769
0.0107768
0.0107775
0.0107788
0.0107805
0.0107825
0.0107852
0.0107884
0.0107918
0.0107953
0.0107991
0.0108036
0.0108084
0.0108131
0.0108108
0.0108082
0.0108088
0.0108104
0.0108121
0.0108129
0.0108143
0.0108159
0.0108178
0.0108199
0.010822
0.0108241
0.0108264
0.0108289
0.0108313
0.0108333
0.0108352
0.0108369
0.0108387
0.010841
0.0108432
0.0108454
0.0108478
0.0108507
0.0108547
0.0108583
0.010862
0.0108662
0.0108705
0.010875
0.0108797
0.0108848
0.0108885
0.0108925
0.0108971
0.0109004
0.0109036
0.0109072
0.0109111
0.0109154
0.0109199
0.0109252
0.0109305
0.0109366
0.0109427
0.0109488
0.0109546
0.0109604
0.0109658
0.0109695
0.0109735
0.010978
0.0109834
0.0109889
0.0109955
0.0110012
0.0110058
0.0110104
0.0110154
0.0110203
0.0110251
0.0110312
0.0110375
0.0110436
0.0110494
0.0110555
0.0110616
0.0110677
0.0110737
0.0110793
0.0110846
0.0110896
0.0110945
0.0110975
0.0111
0.0111012
0.011105
0.0111113
0.0111192
0.0111267
0.011135
0.0111434
0.0111509
0.0111563
0.0111594
0.01116
0.0111586
0.0111556
0.011152
0.0111484
0.0111449
0.0111415
0.011138
0.011135
0.0111325
0.0111306
0.0111293
0.0111275
0.0111257
0.0111245
0.0111223
0.0111201
0.0111179
0.0111158
0.0111139
0.011112
0.01111
0.0111084
0.0111071
0.0111049
0.0111029
0.0111045
0.0111037
0.0111013
0.0110963
0.0110914
0.0110874
0.0110844
0.0110826
0.0110822
0.0110829
0.0110849
0.0110881
0.0110924
0.0110979
0.011104
0.0111103
0.0111164
0.011123
0.0111297
0.0111368
0.0111435
0.0111517
0.0111604
0.0111705
0.011182
0.0111941
0.0112067
0.0112194
0.0112321
0.0112449
0.0112586
0.0112743
0.0112894
0.0113032
0.0113155
0.0113275
0.0113391
0.0113496
0.0113586
0.0113681
0.0113778
0.0113873
0.0113966
0.0114064
0.0114158
0.0114241
0.0114309
0.0114373
0.0114431
0.0114481
0.0114519
0.0114543
0.0114553
0.0114548
0.0114529
0.0114498
0.0114453
0.0114407
0.0114355
0.0114294
0.0114226
0.0114156
0.0114073
0.0113984
0.0113903
0.0113834
0.0113763
0.0113688
0.0113619
0.0113552
0.0113481
0.0113393
0.0113306
0.0113224
0.0113145
0.0113068
0.011301
0.0112966
0.011293
0.0112904
0.0112897
0.0112923
0.0112974
0.0113048
0.0113139
0.0113248
0.0113365
0.011349
0.011362
0.0113755
0.0113896
0.0114037
0.0114183
0.0114338
0.0114499
0.0114659
0.0114811
0.0114962
0.0115108
0.0115254
0.0115396
0.0115532
0.0115628
0.0115743
0.0115879
0.0116022
0.0116162
0.0116294
0.0116442
0.0116604
0.0116773
0.0116944
0.0117115
0.0117298
0.0117479
0.0117659
0.011784
0.0118015
0.0118187
0.011835
0.0118496
0.0118626
0.0118737
0.0118857
0.0118989
0.0119141
0.0119304
0.0119471
0.0119631
0.0119775
0.0119905
0.012005
0.0120193
0.0120333
0.012046
0.012057
0.0120652
0.0120697
0.0120708
0.0120678
0.0120611
0.0120506
0.0120368
0.0120117
0.0119909
0.0119759
0.0119653
0.0119589
0.0119549
0.0119526
0.0119507
0.0119502
0.0119508
0.011954
0.0119454
0.011943
0.0119486
0.01196
0.0119747
0.0119958
0.0120212
0.0120503
0.0120813
0.0121144
0.0121483
0.0121788
0.0122035
0.0122294
0.0122487
0.0122629
0.0122728
0.0122805
0.0122916
0.0123064
0.0123243
0.0123425
0.0123525
0.0123594
0.0123646
0.01237
0.0123772
0.0123874
0.0124013
0.0124196
0.0124418
0.0124657
0.0124907
0.0125123
0.012532
0.0125496
0.0125596
0.0125622
0.0125604
0.0125553
0.0125486
0.0125429
0.012539
0.0125339
0.0125318
0.0125311
0.012527
0.0125155
0.012496
0.0124684
0.0124375
0.0124078
0.0123835
0.0123728
0.0123656
0.0123585
0.0123518
0.0123484
0.0123576
0.0123654
0.0123657
0.0123597
0.0123491
0.0123184
0.012304
0.0123015
0.0122991
0.0122965
0.0122972
0.0123015
0.0123116
0.0123306
0.0123538
0.0123795
0.0124063
0.0124327
0.0124569
0.0124807
0.0125039
0.0125244
0.012544
0.0125629
0.012581
0.0125989
0.012617
0.0126353
0.0126533
0.0126707
0.0126881
0.0127072
0.0127269
0.0127457
0.0127634
0.012784
0.0128084
0.0128331
0.0128535
0.0128753
0.012894
0.0129087
0.0129201
0.0129328
0.0129456
0.0129579
0.012969
0.0129786
0.0129885
0.0129992
0.0130103
0.0130211
0.0130297
0.013035
0.0130361
0.0130272
0.0130148
0.0130026
0.0129922
0.0129833
0.0129757
0.0129696
0.0129666
0.0129649
0.0129642
0.0129662
0.0129696
0.0129751
0.0129828
0.0129925
0.0130037
0.0130157
0.0130288
0.0130435
0.0130576
0.0130716
0.0130836
0.0130963
0.0131117
0.0131245
0.0131398
0.0131618
0.0131808
0.0131986
0.0132152
0.0132275
0.0132434
0.0132589
0.0132706
0.0132789
0.0132872
0.0133004
0.0133127
0.0133258
0.0133401
0.0133553
0.0133696
0.0133822
0.0133923
0.0133931
0.0133914
0.0133897
0.0133855
0.0133796
0.0133729
0.0133652
0.0133574
0.013348
0.0133392
0.0133313
0.0133243
0.0133179
0.0133117
0.0133036
0.0132938
0.0132847
0.0132751
0.0132648
0.0132541
0.0132435
0.0132326
0.0132173
0.0131989
0.0131795
0.0131617
0.0131484
0.0131389
0.0131293
0.0131242
0.0131203
0.0131206
0.0131209
0.013117
0.0131092
0.0131094
0.0131023
0.0130841
0.013061
0.013036
0.0130081
0.0129626
0.0129314
0.012916
0.0129075
0.0128997
0.012887
0.0128733
0.0128598
0.0128448
0.0128285
0.0128088
0.0127881
0.0127681
0.0127512
0.0127362
0.0127233
0.0127112
0.0127033
0.0126922
0.0126954
0.0126848
0.0126875
0.0126929
0.0127004
0.0127177
0.0127296
0.0127519
0.0127596
0.0127728
0.0127851
0.0128077
0.0128142
0.0128242
0.0128386
0.0128423
0.012853
0.0128619
0.0128853
0.0128898
0.0129061
0.0129428
0.0129394
0.0129545
0.0129742
0.0129871
0.0130255
0.0130188
0.0130329
0.01305
0.0130595
0.0130839
0.013085
0.0130981
0.0131346
0.0131219
0.0131297
0.0131393
0.0131541
0.0131561
0.013166
0.0131717
0.0131763
0.0131836
0.0131832
0.0131987
0.0131889
0.0131878
0.0131904
0.0131899
0.0131998
0.0131916
0.0131877
0.0131824
0.0131752
0.0131734
0.0131649
0.0131539
0.0131432
0.013135
0.0131261
0.0131194
0.0131129
0.0131066
0.0130963
0.0130883
0.0130853
0.0130756
0.0130645
0.0130591
0.0130466
0.0130336
0.0130284
0.0130158
0.0130021
0.0129979
0.0129829
0.0129664
0.0129624
0.0129469
0.0129325
0.0129231
0.0129123
0.0129096
0.0129
0.0128928
0.012893
0.0128837
0.0128778
0.0128988
0.0128866
0.0128748
0.0128745
0.0128779
0.0128819
0.0129123
0.0128983
0.0128929
0.0128958
0.0129023
0.0129102
0.0129202
0.0129642
0.0129429
0.012941
0.0129466
0.0129532
0.0129701
0.0129615
0.0129606
0.0129631
0.013009
0.0129662
0.0129607
0.0129625
0.0129641
0.0130055
0.0129654
0.0129568
0.0129593
0.0129617
0.0130057
0.0129605
0.0129547
0.012959
0.0129646
0.0130141
0.0129763
0.0129739
0.0129807
0.0129886
0.0130402
0.0130129
0.0130164
0.0130321
0.0130479
0.0131025
0.0130899
0.0130968
0.0131133
0.0131294
0.0131796
0.01317
0.0131777
0.0131937
0.0132084
0.0132558
0.0132415
0.0132434
0.0132516
0.0132595
0.0133027
0.0132854
0.0132865
0.0132937
0.0133031
0.0133334
0.0133337
0.0133409
0.0133517
0.0133642
0.0133947
0.0133984
0.0134055
0.0134177
0.0134323
0.0134592
0.013469
0.0134815
0.0134963
0.0135105
0.0135261
0.0135416
0.013556
0.0135678
0.0135792
0.0135907
0.0136009
0.0136098
0.0136184
0.0136252
0.0136309
0.013636
0.0136404
0.0136442
0.0136474
0.0136487
0.0136485
0.0136481
0.0136486
0.0136495
0.0136509
0.013651
0.0136507
0.0136491
0.0136486
0.0136463
0.0136449
0.0136414
0.01364
0.0136341
0.0136299
0.0136259
0.0136226
0.0136197
0.0136178
0.0136154
0.0136137
0.0136105
0.0136091
0.0136056
0.0136061
0.0136035
0.0136045
0.0136033
0.0136051
0.0136052
0.0136097
0.0136105
0.0136158
0.0136184
0.0136248
0.0136285
0.0136374
0.0136428
0.0136523
0.0136591
0.0136697
0.0136777
0.0136906
0.0137005
0.0137137
0.0137234
0.0137359
0.0137443
0.0137508
0.0137509
0.0137515
0.01375
0.0137495
0.0137478
0.0137467
0.0137449
0.0137443
0.0137435
0.0137427
0.013741
0.0137389
0.0137369
0.0137361
0.0137359
0.0137366
0.0137374
0.0137378
0.0137387
0.0137407
0.0137439
0.0137482
0.0137531
0.0137589
0.0137647
0.0137709
0.0137767
0.0137831
0.0137892
0.013796
0.0138028
0.0138091
0.0138158
0.013823
0.0138296
0.0138356
0.0138416
0.0138478
0.0138548
0.0138616
0.0138691
0.0138775
0.0138868
0.013897
0.0139085
0.0139214
0.013936
0.0139526
0.0139711
0.0139908
0.0140117
0.0140344
0.0140585
0.0140838
0.01411
0.0141369
0.0141645
0.0141923
0.0142205
0.0142494
0.0142788
0.0143085
0.0143383
0.0143686
0.0143985
0.0144281
0.0144579
0.0144873
0.0145161
0.0145437
0.0145705
0.0145958
0.0146196
0.0146419
0.0146621
0.0146808
0.0146981
0.0147135
0.0147263
0.0147378
0.0147481
0.0147571
0.0147634
0.0147679
0.014771
0.0147729
0.0147735
0.0147741
0.014774
0.0147739
0.0147732
0.0147712
0.0147685
0.0147655
0.0147616
0.0147574
0.0147531
0.0147474
0.0147403
0.0147331
0.0147261
0.0147186
0.0147112
0.0147046
0.0146985
0.0146926
0.0146863
0.0146795
0.0146728
0.0146679
0.0146652
0.0146631
0.0146603
0.0146606
0.0146627
0.0146673
0.0146741
0.0146831
0.0146945
0.0147081
0.0147241
0.0147421
0.0147614
0.0147814
0.0148019
0.0148222
0.0148422
0.0148615
0.0148788
0.0148961
0.0149132
0.0149308
0.0149486
0.0149656
0.014982
0.0149961
0.0150093
0.0150216
0.0150333
0.0150457
0.0150578
0.0150696
0.0150806
0.0150907
0.0151
0.0151086
0.0151169
0.0151234
0.0151284
0.0151321
0.0151349
0.0151366
0.0151366
0.015135
0.0151327
0.0151297
0.0151256
0.0151206
0.015115
0.0151086
0.015102
0.0150956
0.0150891
0.0150826
0.0150763
0.0150707
0.0150653
0.01506
0.0150552
0.0150505
0.0150469
0.0150447
0.0150431
0.0150415
0.015041
0.015041
0.0150417
0.0150442
0.0150485
0.0150546
0.0150623
0.0150717
0.0150825
0.0150943
0.0151082
0.0151232
0.0151393
0.0151574
0.0151775
0.0151987
0.015221
0.0152424
0.015262
0.015281
0.0152988
0.0153153
0.0153303
0.0153442
0.0153566
0.0153688
0.0153795
0.0153887
0.0153971
0.0154047
0.015412
0.0154181
0.0154227
0.0154265
0.0154298
0.0154328
0.0154353
0.0154372
0.0154381
0.015438
0.0154368
0.015435
0.0154306
0.0154253
0.0154349
0.0154086
0.0154038
0.0153777
0.0153728
0.0153387
0.0153276
0.0152874
0.0152702
0.0152312
0.0152075
0.0151682
0.0151395
0.0151038
0.0150705
0.0150332
0.0149944
0.0149571
0.0149212
0.0148853
0.0148503
0.0148449
0.0147867
0.014755
0.0147262
0.0146965
0.0146788
0.0146556
0.0146402
0.0146173
0.0146042
0.0145831
0.0146507
0.0146161
0.0146024
0.0145659
0.0145568
0.0145218
0.0145467
0.0144549
0.0145227
0.0144596
0.0144991
0.0144561
0.0144472
0.014462
0.0144425
0.014473
0.0144541
0.0144409
0.0144667
0.0144498
0.0144544
0.014449
0.0144587
0.0144576
0.0144843
0.0144853
0.0145367
0.0145422
0.0146119
0.0146215
0.0146965
0.0147163
0.0147872
0.014816
0.0148823
0.0149139
0.0149742
0.0150076
0.015059
0.0150901
0.0151363
0.0151704
0.0152159
0.0152591
0.0153126
0.015365
0.0154199
0.0154783
0.0155319
0.0155862
0.0156337
0.0156871
0.0157406
0.0157997
0.0158646
0.0159433
0.0160198
0.0161034
0.016188
0.0162764
0.01638
0.0164834
0.0165803
0.0166852
0.0168279
0.0170169
0.017241
0.0175117
0.0178149
0.0181194
0.0184131
0.018627
0.018831
0.0188958
0.0189543
0.0189997
0.0190221
0.0190172
0.018987
0.0189241
0.0188101
0.0186432
0.0184256
0.0182485
0.0180856
0.0179631
0.017849
0.0177214
0.0175789
0.0174867
0.0174553
0.0174445
0.0174379
0.0174353
0.0173838
0.0173221
0.0171841
0.0170844
0.0169695
0.0168145
0.0166332
0.0164423
0.0162327
0.0159868
0.0157641
0.0155742
0.0154096
0.0152744
0.0151698
0.0150834
0.0150121
0.014951
0.0148939
0.0148615
0.0148399
0.0148306
0.0148366
0.0148515
0.0148609
0.0148639
0.0148519
0.0148209
0.0147714
0.0147124
0.0146386
0.0145724
0.0145087
0.0144396
0.0143676
0.0142999
0.0142393
0.0141846
0.0141343
0.0140885
0.0140451
0.0140013
0.0139549
0.013908
0.0138607
0.0138083
0.0137536
0.0136982
0.0136451
0.0135869
0.0135293
0.0134706
0.0134109
0.0133526
0.0132972
0.013245
0.013199
0.0131588
0.0131246
0.0130967
0.0130744
0.0130562
0.0130407
0.01303
0.0130142
0.0129982
0.0129833
0.0129673
0.012953
0.0129398
0.0129294
0.0129222
0.01292
0.0129216
0.0129261
0.0129325
0.0129386
0.0129448
0.01295
0.012953
0.0129522
0.0129475
0.0129394
0.0129267
0.012913
0.0128983
0.0128819
0.0128642
0.0128455
0.0128256
0.0128055
0.012785
0.0127648
0.0127456
0.012726
0.0127059
0.0126858
0.0126648
0.0126419
0.012619
0.012596
0.012573
0.012549
0.0125258
0.0125027
0.0124794
0.0124566
0.0124342
0.012412
0.0123908
0.0123711
0.012352
0.0123338
0.0123164
0.0122994
0.0122834
0.0122688
0.0122529
0.0122386
0.0122257
0.0122137
0.0122024
0.0121913
0.01218
0.0121682
0.0121573
0.0121452
0.0121327
0.0121182
0.0121055
0.0120948
0.0120851
0.0120774
0.0120713
0.0120665
0.0120629
0.0120607
0.0120599
0.0120602
0.0120618
0.0120645
0.0120683
0.0120727
0.0120786
0.0120859
0.0120933
0.0121011
0.0121093
0.0121183
0.0121276
0.0121369
0.0121456
0.0121552
0.0121647
0.012174
0.0121828
0.0121912
0.0122004
0.0122099
0.0122178
0.0122228
0.0122254
0.0122259
0.0122245
0.0122218
0.012218
0.0122127
0.0122064
0.012199
0.0121901
0.0121807
0.0121706
0.0121596
0.0121481
0.0121356
0.0121227
0.0121093
0.0120954
0.0120812
0.012067
0.0120533
0.0120409
0.0120287
0.0120165
0.0120047
0.0119937
0.0119832
0.0119734
0.0119638
0.0119548
0.0119466
0.0119387
0.0119305
0.0119222
0.0119145
0.011908
0.0119022
0.0118966
0.0118909
0.0118848
0.011879
0.0118738
0.011869
0.0118645
0.0118607
0.0118578
0.0118546
0.0118517
0.0118587
0.0118516
0.0118473
0.0118463
0.0118465
0.0118452
0.011844
0.0118441
0.0118451
0.0118444
0.0118465
0.0118466
0.0118493
0.0118492
0.0118511
0.0118481
0.0118495
0.0118407
0.0118396
0.0118278
0.0118244
0.0118087
0.0118035
0.0117847
0.0117778
0.0117559
0.0117458
0.0117214
0.0117076
0.0116818
0.0116689
0.0116401
0.011623
0.011595
0.011579
0.0115486
0.01153
0.0115008
0.0114844
0.0114566
0.0114413
0.0114151
0.0114011
0.0113756
0.0113604
0.0113382
0.0113234
0.0113046
0.0112906
0.011275
0.0112632
0.011251
0.0112399
0.0112288
0.0112185
0.0112087
0.0111995
0.0111911
0.0111827
0.0111751
0.0111683
0.0111622
0.0111559
0.01115
0.0111444
0.0111389
0.0111334
0.011128
0.0111223
0.0111165
0.0111108
0.0111053
0.0111001
0.0110952
0.0110905
0.0110862
0.0110823
0.0110784
0.0110748
0.0110718
0.0110691
0.0110665
0.011064
0.0110619
0.0110599
0.0110577
0.0110557
0.0110545
0.0110538
0.0110535
0.0110541
0.0110548
0.0110556
0.011055
0.0110541
0.0110535
0.011053
0.0110523
0.0110514
0.0110502
0.0110485
0.0110516
0.0110482
0.0110451
0.0110414
0.0110378
0.0110341
0.0110306
0.0110271
0.0110232
0.0110191
0.0110149
0.0110094
0.0110008
0.0109906
0.0109811
0.0109727
0.0109667
0.0109624
0.0109588
0.0109524
0.0109479
0.0109423
0.0109377
0.0109346
0.0109317
0.0109285
0.0109263
0.0109232
0.0109196
0.0109223
0.0109185
0.0109147
0.0109116
0.0109092
0.0109051
0.0109015
0.0108963
0.0108912
0.0108867
0.0108823
0.0108782
0.0108742
0.0108703
0.0108663
0.0108624
0.0108581
0.0108535
0.010849
0.0108443
0.0108395
0.0108346
0.0108295
0.0108244
0.0108194
0.0108147
0.0108109
0.0108077
0.0108056
0.0108041
0.0108031
0.0108022
0.0108017
0.0108018
0.0108024
0.010803
0.0108034
0.0108033
0.0108038
0.0108037
0.0108037
0.0108032
0.0108027
0.010802
0.0108013
0.0107999
0.0107986
0.0107972
0.0107946
0.0107916
0.0107878
0.0107832
0.0107772
0.0107709
0.0107645
0.0107577
0.0107508
0.0107439
0.0107371
0.0107304
0.0107236
0.0107169
0.01071
0.0107027
0.0106957
0.0106888
0.0106821
0.0106757
0.0106697
0.010664
0.0106587
0.0106537
0.0106491
0.0106446
0.0106405
0.0106363
0.0106329
0.01063
0.0106274
0.0106249
0.0106231
0.010621
0.0106194
0.0106179
0.0106166
0.0106153
0.0106145
0.0106143
0.0106135
0.0106128
0.0106124
0.0106117
0.010612
0.010612
0.0106117
0.0106117
0.0106113
0.0106107
0.0106097
0.0106084
0.0106065
0.0106041
0.0106012
0.0105975
0.0105934
0.0105889
0.010584
0.0105788
0.0105734
0.0105676
0.0105614
0.0105549
0.0105479
0.0105406
0.0105328
0.0105247
0.0105162
0.0105075
0.0104983
0.0104886
0.0104789
0.0104692
0.0104598
0.0104499
0.0104399
0.0104297
0.0104188
0.0104075
0.0103962
0.010385
0.0103743
0.0103635
0.010353
0.0103428
0.0103327
0.0103231
0.0103142
0.0103056
0.0102976
0.0102901
0.0102832
0.010277
0.0102719
0.0102692
0.0102646
0.0102593
0.010257
0.0102536
0.0102509
0.0102493
0.0102476
0.0102462
0.0102448
0.0102435
0.0102423
0.0102414
0.0102404
0.0102395
0.0102385
0.0102418
0.0102378
0.0102341
0.0102304
0.0102265
0.0102223
0.0102178
0.010213
0.0102079
0.0102027
0.0101973
0.0101915
0.0101858
0.0101797
0.0101735
0.0101671
0.0101703
0.010161
0.0101522
0.0101444
0.0101371
0.0101301
0.0101235
0.0101174
0.010112
0.0101069
0.010102
0.0101013
0.0100956
0.0100914
0.0100883
0.010086
0.0100844
0.0100834
0.0100829
0.0100831
0.0100835
0.0100845
0.0100859
0.0100875
0.0100894
0.0100916
0.0100941
0.0100968
0.0100999
0.0101032
0.0101063
0.0101096
0.0101139
0.0101188
0.0101241
0.0101296
0.0101354
0.0101415
0.0101477
0.0101539
0.01016
0.0101661
0.0101722
0.0101782
0.0101838
0.010189
0.010194
0.0101987
0.0102028
0.0102065
0.0102096
0.0102125
0.010215
0.0102171
0.0102187
0.0102202
0.0102216
0.0102223
0.0102224
0.0102219
0.0102209
0.0102193
0.0102173
0.0102147
0.0102106
0.0102133
0.0102056
0.0101981
0.0101904
0.0101823
0.0101731
0.0101633
0.010153
0.0101421
0.0101299
0.0101175
0.0101052
0.0100921
0.0100791
0.0100667
0.0100552
0.010044
0.0100334
0.010023
0.0100127
0.0100024
0.00999217
0.00998204
0.00997225
0.00996299
0.00995413
0.00994575
0.00993757
0.00992963
0.00992184
0.0099143
0.00990644
0.00989861
0.00989088
0.00988356
0.00987654
0.00986987
0.00986337
0.0098569
0.00985055
0.00984424
0.0098379
0.00983106
0.0098243
0.00981755
0.00981072
0.00980391
0.00979714
0.00979007
0.00978309
0.00977623
0.00976953
0.0097629
0.00975619
0.00974944
0.00974245
0.00973554
0.00972978
0.00972445
0.0097196
0.00971517
0.00971121
0.00970757
0.00970249
0.00969938
0.00969723
0.00969516
0.00969341
0.00969217
0.00969111
0.0096904
0.00969022
0.00969044
0.00969132
0.00969062
0.00969091
0.00969194
0.00969353
0.009696
0.00969937
0.00970337
0.00970738
0.00971171
0.00971607
0.0097199
0.00972982
0.0097264
0.00972858
0.00973547
0.00973289
0.00973677
0.00973451
0.00973545
0.0097328
0.00973001
0.00972647
0.00972236
0.00971762
0.00971168
0.00970569
0.00969966
0.00969379
0.00968795
0.00968195
0.00967582
0.00966971
0.00966324
0.0096562
0.00964878
0.00964112
0.00963322
0.00962509
0.00961689
0.00960851
0.00959999
0.00959124
0.00958196
0.00957209
0.0095622
0.00955182
0.00954066
0.00952855
0.00951873
0.00950893
0.00949904
0.00948866
0.0094786
0.00946898
0.00945956
0.0094506
0.00944276
0.00943381
0.00942609
0.00941846
0.0094108
0.0094042
0.00939846
0.00939337
0.00938881
0.00938515
0.00938268
0.0093807
0.00937957
0.009379
0.00937936
0.00938062
0.00938251
0.00938502
0.00938818
0.00939175
0.00939546
0.00939936
0.00940334
0.00940721
0.00941062
0.0094142
0.00941775
0.00942038
0.00942235
0.00942372
0.00942473
0.009425
0.00942453
0.00942349
0.0094219
0.00941959
0.00941683
0.00941373
0.00941019
0.00940647
0.00940255
0.00939843
0.00939426
0.00938987
0.0093854
0.00938094
0.00937629
0.00937157
0.00936686
0.00936232
0.00935777
0.00935315
0.0093487
0.00934436
0.00934009
0.00933537
0.00932973
0.00932102
0.00931381
0.00930729
0.00930051
0.00929331
0.00928614
0.00927855
0.00927075
0.00926283
0.00925465
0.00924561
0.00923703
0.00922864
0.0092203
0.0092121
0.00920424
0.00919646
0.00918874
0.00918095
0.00917327
0.00916577
0.00915858
0.00915166
0.00914511
0.00913872
0.00913266
0.00912699
0.00912061
0.00911455
0.00910897
0.00910371
0.00909835
0.00909298
0.00908793
0.00908303
0.0090784
0.0090741
0.00907016
0.00906662
0.00906331
0.00905985
0.00905683
0.00905412
0.00905181
0.00904986
0.00904848
0.00904767
0.00904722
0.00904729
0.00904789
0.00904863
0.00904967
0.00905087
0.00905205
0.00905337
0.00905476
0.00905622
0.0090575
0.00905898
0.00906075
0.00906262
0.00906461
0.00906694
0.00906929
0.00907166
0.00907408
0.00907654
0.00907904
0.00908088
0.00908275
0.00908439
0.00908587
0.00908747
0.00908914
0.00909095
0.00909294
0.00909532
0.00909797
0.00910101
0.00910417
0.00910729
0.00911053
0.00911411
0.00911799
0.00912216
0.00912648
0.00913118
0.00913611
0.00914142
0.00914711
0.00915311
0.00915894
0.00916498
0.00917131
0.00917789
0.00918444
0.00919093
0.00919741
0.00920392
0.00921016
0.00921614
0.00922216
0.00922815
0.00923364
0.00923911
0.00924469
0.00924971
0.00925451
0.00925937
0.00926409
0.00926865
0.00927275
0.00927652
0.00927993
0.00928334
0.00928672
0.00929012
0.00929345
0.00929681
0.00930025
0.00930372
0.00930697
0.00931008
0.0093133
0.00931654
0.00931985
0.00932336
0.00932713
0.00933079
0.00933445
0.0093382
0.00934212
0.00934624
0.00935036
0.0093543
0.00935812
0.00936176
0.00936525
0.00936851
0.00937132
0.00937332
0.00937497
0.00937627
0.00937714
0.00937757
0.00937755
0.00937714
0.00937667
0.00937598
0.00937504
0.00937375
0.00937289
0.00937028
0.00936753
0.00936459
0.00936131
0.00935795
0.00935461
0.00935102
0.00934647
0.00934196
0.00933737
0.00933315
0.00932853
0.00932415
0.00931996
0.00931592
0.00931196
0.00930818
0.00930445
0.00930075
0.00929728
0.00929453
0.0092908
0.00928748
0.0092847
0.00928192
0.00927967
0.00927803
0.00927677
0.00927609
0.00927587
0.00927636
0.00927725
0.00927874
0.00928064
0.00928266
0.00928511
0.0092882
0.00929158
0.00929526
0.00929931
0.00930365
0.00930841
0.00931339
0.00931822
0.00932348
0.00932885
0.00933442
0.00934018
0.00934603
0.00935186
0.00935776
0.00936361
0.00936936
0.00937489
0.00938015
0.00938434
0.00938844
0.00939262
0.00939662
0.00940038
0.00940401
0.00940734
0.00941038
0.00941317
0.00941532
0.00941701
0.00941837
0.00941936
0.00942013
0.00942059
0.00942077
0.00942057
0.00942024
0.00941977
0.00941912
0.00941845
0.00941757
0.00941632
0.00941485
0.00941326
0.00941129
0.00940913
0.00940689
0.00940439
0.00940185
0.00939899
0.00939579
0.00939227
0.00938881
0.00938539
0.00938204
0.00937869
0.00937535
0.00937168
0.00936789
0.00936406
0.00936041
0.00935693
0.00935361
0.00935034
0.00934726
0.00934445
0.00934189
0.00933951
0.00933742
0.00933564
0.00933403
0.0093325
0.00933109
0.00932994
0.00932919
0.00932867
0.00932827
0.00932776
0.00932773
0.00932823
0.00932916
0.00933053
0.0093324
0.00933464
0.00933716
0.00934014
0.00934336
0.00934717
0.0093513
0.00935572
0.00936046
0.0093655
0.00937078
0.0093764
0.00938284
0.00938983
0.00939743
0.00940547
0.00941364
0.00942218
0.00943065
0.00943936
0.00944856
0.00945805
0.00946766
0.00947727
0.00948714
0.00949706
0.00950701
0.00951693
0.00952711
0.00953749
0.00954808
0.00955873
0.0095694
0.00958008
0.00959094
0.00960206
0.00961361
0.00962551
0.00963749
0.00964936
0.00966124
0.00967325
0.00968489
0.00969623
0.00970695
0.00971769
0.00972814
0.00973822
0.00974801
0.00975734
0.00976564
0.00977346
0.00978064
0.00978728
0.00979323
0.00979856
0.00980344
0.00980767
0.00981146
0.00981481
0.00981764
0.00982003
0.00982168
0.00982299
0.0098239
0.00982411
0.00982395
0.00982357
0.00982285
0.00982193
0.00982104
0.00982085
0.00981878
0.00981678
0.0098151
0.00981936
0.00981687
0.00981536
0.00981475
0.00981496
0.0098158
0.0098174
0.00981947
0.00982218
0.00982558
0.00982996
0.00983443
0.00984625
0.00984981
0.00985571
0.00986235
0.00986962
0.00987752
0.00988608
0.00989539
0.00990525
0.009915
0.00992539
0.0099365
0.00994775
0.00995974
0.00997777
0.00998904
0.0100009
0.010013
0.0100253
0.0100379
0.0100503
0.0100625
0.0100745
0.0100856
0.0100962
0.0101065
0.0101162
0.0101249
0.0101328
0.0101401
0.0101472
0.0101534
0.010159
0.0101641
0.0101691
0.0101733
0.0101769
0.0101799
0.0101823
0.0101841
0.0101846
0.0101852
0.0101855
0.0101851
0.0101841
0.0101824
0.0101802
0.0101766
0.0101721
0.0101668
0.0101606
0.0101533
0.0101456
0.0101379
0.0101302
0.0101227
0.0101152
0.010108
0.0101011
0.0100944
0.0100873
0.0100804
0.0100737
0.0100669
0.0100606
0.0100547
0.0100493
0.0100445
0.0100406
0.0100374
0.0100346
0.0100322
0.01003
0.0100287
0.0100281
0.0100281
0.010029
0.0100309
0.0100337
0.0100375
0.0100424
0.0100482
0.0100549
0.0100633
0.0100718
0.0100817
0.0100928
0.0101048
0.0101178
0.0101317
0.0101462
0.0101618
0.0101785
0.0101947
0.0102119
0.0102313
0.010253
0.0102768
0.0103028
0.0103305
0.0103594
0.0103888
0.010419
0.0104505
0.010482
0.0105131
0.0105436
0.0105732
0.0106009
0.0106284
0.0106557
0.0106851
0.0107179
0.0107511
0.0107822
0.010809
0.0108404
0.0108656
0.0108811
0.0108928
0.0109044
0.010916
0.0109271
0.0109408
0.0109574
0.0109844
0.011015
0.0110375
0.0110775
0.0111206
0.0111869
0.0112141
0.011311
0.0112972
0.0113121
0.011288
0.0113388
0.0112812
0.011331
0.0112544
0.0113318
0.0112369
0.0113244
0.0112503
0.0113594
0.0113049
0.0113973
0.0113747
0.0114487
0.0114498
0.0114705
0.0115055
0.0115198
0.0115381
0.0115229
0.0114984
0.0115474
0.0114992
0.0114819
0.0114707
0.0116219
0.0115608
0.0115301
0.0116809
0.0116503
0.0116226
0.0118162
0.0117231
0.0116951
0.0117048
0.0118682
0.0118302
0.0117724
0.0119331
0.0119287
0.0118874
0.012073
0.0120355
0.0120309
0.0122456
0.0121875
0.012197
0.0124249
0.0123391
0.0123197
0.012521
0.0124344
0.0123502
0.0125452
0.0125081
0.0123753
0.0125532
0.0125706
0.0123775
0.0125394
0.012581
0.0123638
0.0125282
0.0125499
0.0123342
0.012439
0.0125018
0.0123082
0.012318
0.0123511
0.0123765
0.0122935
0.0123045
0.0123148
0.012299
0.0122128
0.0121827
0.0121672
0.0121219
0.0120405
0.0119972
0.0119812
0.0119224
0.0118694
0.0118317
0.0118081
0.0117794
0.0117426
0.0117261
0.0116988
0.0116859
0.0116599
0.0116581
0.011661
0.0116765
0.0117266
0.0117432
0.0118352
0.0118381
0.0119521
0.011977
0.0121224
0.0128905
0.0128249
0.0127
0.0130104
0.0128798
0.0126202
0.0126354
0.0125877
0.0126041
0.0125744
0.0125967
0.0125557
0.0126726
0.0126396
0.0127663
0.0127322
0.0128446
0.0127829
0.0128658
0.0128254
0.0128981
0.0128592
0.0129419
0.0129174
0.0130033
0.0129849
0.0130719
0.0130771
0.0131601
0.0131848
0.013251
0.0132742
0.0133025
0.0133365
0.0133408
0.0133622
0.0133451
0.0133594
0.0133028
0.013302
0.0132315
0.0132004
0.0131411
0.0131129
0.0130516
0.013026
0.0129666
0.0129448
0.0128971
0.012856
0.0128166
0.0127575
0.0127464
0.0126896
0.0126983
0.0127031
0.0127228
0.012831
0.012884
0.0131218
0.0132562
0.0136726
0.0136266
0.0140647
0.0140516
0.0143062
0.0143622
0.0141488
0.0141905
0.0141039
0.014173
0.0140328
0.014032
0.0138357
0.0138952
0.0137287
0.0138879
0.0137256
0.0138797
0.0137213
0.0138586
0.01374
0.0138292
0.0137525
0.0138195
0.0138026
0.0138764
0.013901
0.0139595
0.0140073
0.0140705
0.0141665
0.0142788
0.0144081
0.0145272
0.0146615
0.0147425
0.0148422
0.0148478
0.0149341
0.0148993
0.0149663
0.0149461
0.0150014
0.0149282
0.014993
0.0149112
0.014948
0.0148611
0.0148564
0.0147762
0.0147486
0.0146706
0.0146439
0.0145789
0.0145466
0.0145035
0.0144605
0.0144516
0.0144036
0.0144248
0.0144065
0.0144613
0.0145166
0.0145766
0.0147354
0.0148062
0.0151007
0.0152034
0.0156149
0.0155068
0.0157174
0.0159984
0.0162104
0.0161421
0.0160639
0.0161157
0.0160133
0.0161031
0.0159463
0.0159949
0.0158115
0.0158665
0.015737
0.0158828
0.0157828
0.0159326
0.0158098
0.01593
0.0158232
0.0159095
0.0158345
0.0158839
0.0158376
0.0158735
0.0158474
0.0158704
0.0158723
0.0159094
0.0159609
0.0160436
0.0161196
0.0161952
0.0162753
0.0163108
0.0163444
0.0163228
0.0163425
0.0163067
0.0163496
0.0163214
0.0163928
0.0162986
0.0163539
0.0162665
0.0162768
0.0161886
0.0161953
0.0161184
0.0162088
0.0160469
0.0160461
0.0159763
0.015947
0.0159086
0.0158594
0.0158411
0.0157754
0.0157804
0.0157523
0.015765
0.0158099
0.0158297
0.0159589
0.0159976
0.0162153
0.0162571
0.0166584
0.0166111
0.0169469
0.0170953
0.0171001
0.0168855
0.0168689
0.016915
0.0168222
0.0168588
0.0169364
0.0167817
0.0167006
0.0168051
0.0166688
0.0166368
0.0167774
0.0167174
0.0167754
0.0169442
0.0168838
0.0169471
0.0170572
0.0170457
0.0170949
0.0171315
0.0172204
0.0172438
0.0172356
0.0173955
0.0174621
0.0175223
0.017748
0.0177878
0.0178021
0.0179987
0.0179766
0.0179289
0.0180957
0.0180285
0.0179644
0.0181402
0.0180832
0.0180261
0.0181984
0.0181358
0.0181121
0.018275
0.0181762
0.01818
0.0181851
0.0183195
0.0182959
0.0182906
0.0184008
0.018455
0.0184987
0.0185677
0.0186963
0.0187593
0.0187636
0.0188038
0.0188687
0.0189591
0.0190481
0.019164
0.0192362
0.0194387
0.0194945
0.0196374
0.0202519
0.0203167
0.0205621
0.020652
0.0207029
0.0204887
0.0203948
0.0204
0.0203232
0.0203081
0.0201879
0.0200652
0.0200453
0.0199101
0.0199046
0.0199531
0.0199935
0.0201344
0.0201316
0.0202676
0.0204494
0.0206398
0.0208468
0.021026
0.0211136
0.0212749
0.0214299
0.0215516
0.0216635
0.0217385
0.0218153
0.0219373
0.022015
0.0220905
0.0221762
0.0222049
0.0222268
0.0221849
0.0221351
0.0220501
0.0219783
0.0218678
0.0217699
0.0216674
0.0216057
0.021528
0.0214941
0.0214765
0.0215183
0.021545
0.0216167
0.0217009
0.0218402
0.0219174
0.0220123
0.0221566
0.0222563
0.0223667
0.0225174
0.0226127
0.022711
0.0228398
0.0229248
0.0229755
0.0230719
0.0231918
0.023347
0.0241564
0.0241188
0.0243058
0.0245242
0.024743
0.0249577
0.0250824
0.0251902
0.0253075
0.025552
0.0258433
0.0261811
0.0265074
0.0267695
0.0269604
0.0271094
0.0271999
0.0272617
0.0272387
0.0271911
0.0270792
0.0269878
0.0268885
0.0268447
0.0268296
0.0268701
0.0269637
0.02712
0.0273874
0.0277822
0.0282799
0.0288569
0.0294439
0.0299507
0.0303655
0.0307431
0.031068
0.0313452
0.0315828
0.0317877
0.031945
0.0320421
0.0320976
0.0321306
0.0321579
0.0321612
0.0321528
0.032136
0.0321038
0.032076
0.0320751
0.0320819
0.0320422
0.0319512
0.0319184
0.0320186
0.0322255
0.0325284
0.0328233
0.033073
0.0332558
0.0333646
0.0334273
0.0335
0.0336256
0.0338354
0.034141
0.0345596
0.0350716
0.0356137
0.0360378
0.0366438
0.0368305
0.0370802
0.0373136
0.0375874
0.037679
0.0379234
0.0382739
0.0386916
0.0391471
0.0395474
0.0398866
0.0401683
0.0404515
0.0407353
0.0411646
0.0418927
0.0429769
0.0443697
0.0459157
0.0473852
0.0486686
0.049651
0.0503531
0.0509166
0.0515319
0.0523393
0.0532507
0.0539227
0.054154
0.0539828
0.0534887
0.0528082
0.0523186
0.0521334
0.0522557
0.0526513
0.0532168
0.0540677
0.0551087
0.0564003
0.0581273
0.0600368
0.0610964
0.0613449
0.0608926
0.0605047
0.0605027
0.0601782
0.0586074
0.0570161
0.0562727
0.0565539
0.057398
0.0588883
0.0597022
0.0596538
0.0598419
0.0609981
0.0621083
0.0630403
0.062912
0.0627602
0.0625267
0.0621388
0.0616866
0.0606957
0.0601169
0.0594738
0.057553
0.054663
0.0516525
0.0496001
0.0475026
0.0450791
0.0433793
0.0422736
0.0414253
0.040853
0.0404956
0.0403961
0.0406449
0.0404003
0.0403852
0.0401359
0.0398167
0.0399454
0.0406414
0.041545
0.0424674
0.0433085
0.0440405
0.0444388
0.0445417
0.0441556
0.043847
0.0440775
0.0443323
0.0444596
0.0444568
0.0447008
0.0446338
0.0438931
0.0429845
0.0421273
0.0415211
0.04131
0.0411673
0.0407728
0.0401559
0.0395609
0.0391275
0.0388645
0.0387515
0.0386814
0.0385359
0.0378986
0.0378927
0.037015
0.036149
0.0352564
0.0342749
0.0334016
