0.00169071 94055.4
0.000836753 94500.6
0.000566498 92199.7
0.000924318 83448.4
0.0789121 30539.5
0.0783957 32386.3
0.0778399 34988.4
0.0772563 39874.9
0.076654 46582.3
0.0760361 53349.5
0.0753841 56393.2
0.0746724 59196.7
0.0738888 60272.2
0.0730275 61724.4
0.0720837 63668.6
0.0710501 65146.8
0.0699189 66818.6
0.0686829 68604.5
0.0673349 70196.9
0.0658683 71601.5
0.0642777 73066.3
0.0625596 74414.4
0.0607132 75886.7
0.0587418 77231
0.0566532 78689.4
0.0544598 80138.1
0.0521706 81636.7
0.0497859 82901
0.0473114 84098.5
0.0447662 85112
0.0421746 86095.6
0.0395573 86912.4
0.0369303 87684.7
0.0343115 88352.8
0.0317217 88792.8
0.0291853 89288.3
0.0267266 89812.7
0.0243579 90158.4
0.0220897 90456.3
0.0199361 90734.2
0.0179042 91049.6
0.0159973 91313
0.0142163 91598.9
0.0125603 91828.4
0.0110273 92021.5
0.00961373 92264.3
0.00831527 92385.6
0.0071269 92577.5
0.00604294 92755.1
0.00505724 92882.3
0.0041635 93013.9
0.00335543 93275.6
0.00262581 93278.8
0.0798536 46879.8
0.0799241 30743
0.0794786 17677.9
0.00159024 80261.8
0.00224772 81380.3
0.00299944 81469
0.00384261 81169
0.00479294 80409.9
0.00586909 79063.6
0.00708625 78146.4
0.00845585 76675.6
0.00998955 75609.7
0.011698 74088.3
0.0135848 73150.6
0.0156466 72924.6
0.0178778 71640.5
0.020269 70737.7
0.0228034 69445.5
0.0254624 68687.9
0.0282228 67104.2
0.0310504 65466.5
0.0338981 62575.3
0.0367343 61010.9
0.039531 58157.4
0.0422382 55742.4
0.0448257 53792.1
0.0472881 50976.7
0.0495832 46189.1
0.0516717 42126.3
0.0536395 44358.6
0.055572 46695
0.0574655 46310.4
0.0593081 44921.4
0.0610897 41114.2
0.0628014 37797
0.0644362 37424.9
0.0659883 37273.6
0.0674544 39096.8
0.068832 43793.3
0.0701169 47514.1
0.0713108 48596
0.0724218 49874.2
0.0734507 49440.5
0.0743941 48797.7
0.0752576 49575.3
0.076051 50339.7
0.0767768 49675.9
0.0774304 47892.6
0.0780094 44969.5
0.0785247 46200.3
0.0789971 52408.9
0.0794414 54306.5
