0.0345892
0.03348
0.0323442
0.0312164
0.0301298
0.0291036
0.0281533
0.0272858
0.0265055
0.0258108
0.0252031
0.0246783
0.0242295
0.0238461
0.0235242
0.023255
0.0230284
0.0228345
0.022665
0.0225153
0.0223761
0.0222471
0.0221259
0.0220108
0.0219018
0.0217966
0.0216981
0.0216099
0.0215266
0.0214334
0.021348
0.0212668
0.0211955
0.0211241
0.0210573
0.0209941
0.0209353
0.0208725
0.0208144
0.0207632
0.0207165
0.0206727
0.0206139
0.0205756
0.0205388
0.0204935
0.0204477
0.0204192
0.0203343
0.0202781
0.020184
0.020114
0.0200135
0.0199146
0.0198121
0.0197095
0.0196085
0.0195096
0.019413
0.0193178
0.019225
0.0191343
0.019045
0.0189571
0.0188714
0.0187882
0.0187087
0.0186312
0.0185571
0.0184858
0.0184172
0.0183509
0.0182872
0.0182236
0.018168
0.0181121
0.0180596
0.0180103
0.0179642
0.0179218
0.017882
0.0178417
0.017803
0.0177645
0.0177295
0.0176966
0.017665
0.017637
0.0176103
0.0175853
0.0175617
0.0175389
0.0175047
0.0174736
0.0174395
0.0174052
0.0173693
0.0173342
0.0173014
0.0172694
0.0172363
0.0172055
0.0171745
0.0171434
0.0171122
0.0170787
0.0170435
0.0170068
0.0169713
0.0169349
0.0169008
0.0168646
0.016827
0.0167902
0.0167542
0.0167188
0.0166834
0.0166484
0.0166122
0.0165761
0.0165406
0.0165065
0.0164735
0.0164403
0.0164066
0.0163737
0.0163413
0.0163097
0.0162788
0.0162489
0.0162193
0.0161901
0.0161618
0.016135
0.0161097
0.0160863
0.0160624
0.0160389
0.0160168
0.0159956
0.0159751
0.0159549
0.015936
0.0159175
0.0158995
0.0158814
0.0158647
0.0158493
0.0158346
0.0158202
0.0158066
0.0157931
0.0157795
0.0157657
0.0157524
0.0157389
0.0157256
0.0157127
0.0156998
0.0156866
0.0156732
0.0156591
0.0156444
0.0156291
0.0156135
0.0155977
0.0155818
0.0155654
0.015549
0.0155299
0.0155157
0.0154951
0.0154802
0.0154622
0.0154412
0.0154267
0.015406
0.0153912
0.0153701
0.015355
0.0153336
0.0153183
0.0152959
0.0152795
0.0152569
0.0152369
0.0152199
0.0151967
0.0151799
0.015156
0.0151352
0.0151179
0.0150949
0.0150752
0.0150587
0.0150367
0.0150174
0.0149989
0.0149809
0.0149626
0.0149472
0.0149279
0.0149107
0.0148938
0.0148768
0.0148599
0.0148431
0.0148265
0.0148102
0.014794
0.014778
0.0147625
0.0147473
0.0147323
0.0147173
0.0147026
0.0146877
0.0146719
0.0146564
0.0146414
0.0146265
0.0146113
0.0145966
0.0145821
0.0145679
0.0145539
0.0145395
0.0145255
0.0145111
0.0144968
0.0144834
0.0144694
0.0144559
0.0144431
0.0144302
0.0144172
0.0144045
0.0143918
0.0143793
0.0143665
0.0143532
0.0143399
0.0143262
0.0143124
0.0142983
0.0142843
0.0142701
0.0142555
0.0142411
0.0142266
0.0142125
0.0141987
0.0141852
0.014172
0.014159
0.0141464
0.0141344
0.0141226
0.0141109
0.0141
0.0140893
0.0140786
0.0140684
0.0140583
0.0140482
0.0140381
0.0140281
0.0140188
0.0140091
0.0139995
0.0139898
0.0139804
0.0139711
0.0139615
0.0139519
0.0139426
0.0139338
0.013924
0.0139166
0.0139066
0.0138995
0.0138896
0.013882
0.0138719
0.0138641
0.0138544
0.0138468
0.0138377
0.0138303
0.0138214
0.0138111
0.0138019
0.0137916
0.0137825
0.0137725
0.0137638
0.0137543
0.0137453
0.0137351
0.0137241
0.0137143
0.013704
0.0136942
0.0136836
0.0136734
0.0136634
0.0136533
0.0136436
0.0136341
0.0136245
0.0136149
0.0136046
0.0135927
0.0135813
0.0135701
0.0135592
0.0135482
0.0135372
0.0135261
0.0135149
0.013504
0.013493
0.0134821
0.0134715
0.0134606
0.0134498
0.0134393
0.013429
0.013419
0.01341
0.0134008
0.0133913
0.0133818
0.0133725
0.0133633
0.0133543
0.0133456
0.0133371
0.0133284
0.0133196
0.0133109
0.0133022
0.0132935
0.0132848
0.0132762
0.0132676
0.0132589
0.01325
0.0132409
0.0132317
0.0132225
0.0132129
0.0132032
0.0131936
0.0131841
0.0131748
0.0131654
0.013156
0.0131467
0.0131376
0.0131287
0.0131196
0.0131114
0.0131026
0.0130939
0.0130852
0.0130759
0.0130662
0.0130566
0.0130464
0.0130368
0.0130273
0.013018
0.0130087
0.0130005
0.0129912
0.012982
0.0129729
0.012964
0.0129549
0.0129459
0.0129362
0.0129265
0.012917
0.0129072
0.0128973
0.0128875
0.0128778
0.0128684
0.0128595
0.0128507
0.0128421
0.0128332
0.0128246
0.0128163
0.0128084
0.0128009
0.0127936
0.0127864
0.0127901
0.0127822
0.0127749
0.0127681
0.0127621
0.0127552
0.0127481
0.0127414
0.0127347
0.0127283
0.0127222
0.0127163
0.0127107
0.012705
0.0126992
0.012693
0.0126871
0.0126818
0.0126764
0.0126711
0.0126664
0.0126616
0.0126571
0.0126529
0.0126489
0.0126452
0.0126418
0.0126384
0.0126347
0.012631
0.0126272
0.0126236
0.0126198
0.0126152
0.0126106
0.0126059
0.012601
0.0125962
0.0125914
0.0125868
0.0125819
0.0125772
0.0125728
0.0125685
0.0125643
0.01256
0.0125556
0.0125509
0.012546
0.0125411
0.0125358
0.0125302
0.0125249
0.0125196
0.0125141
0.012509
0.0125037
0.0124985
0.0124935
0.0124889
0.0124844
0.0124799
0.0124753
0.0124709
0.0124668
0.0124628
0.0124589
0.0124551
0.0124512
0.0124474
0.0124436
0.01244
0.0124362
0.0124322
0.0124285
0.0124248
0.0124212
0.0124176
0.0124139
0.0124104
0.0124069
0.0124035
0.0124
0.0123965
0.0123927
0.0123885
0.0123847
0.0123807
0.0123768
0.012373
0.0123687
0.0123646
0.0123604
0.0123561
0.012352
0.012348
0.0123445
0.0123412
0.012338
0.0123343
0.0123304
0.0123265
0.0123226
0.0123186
0.0123146
0.0123108
0.0123068
0.0123025
0.012298
0.0122932
0.0122886
0.0122843
0.0122799
0.0122756
0.0122715
0.0122673
0.0122632
0.0122591
0.0122549
0.0122501
0.012245
0.0122396
0.012234
0.0122283
0.0122226
0.0122173
0.012212
0.0122068
0.0122016
0.0121965
0.0121914
0.0121863
0.0121811
0.0121758
0.0121701
0.0121641
0.0121582
0.0121523
0.0121464
0.0121407
0.0121351
0.0121295
0.0121239
0.0121182
0.0121126
0.0121072
0.012102
0.0120964
0.0120912
0.012086
0.0120807
0.0120756
0.0120705
0.0120657
0.0120609
0.0120562
0.0120515
0.0120466
0.0120418
0.012037
0.0120321
0.0120271
0.0120222
0.0120171
0.0120119
0.0120067
0.0120017
0.0119971
0.0119927
0.0119882
0.0119837
0.0119793
0.0119749
0.0119706
0.0119664
0.0119621
0.0119578
0.0119536
0.0119493
0.0119449
0.0119403
0.0119358
0.0119314
0.0119269
0.0119223
0.0119177
0.0119132
0.0119088
0.0119044
0.0119001
0.0118958
0.0118915
0.0118871
0.0118831
0.0118794
0.0118754
0.0118714
0.0118675
0.0118636
0.0118597
0.0118559
0.0118523
0.011849
0.0118459
0.0118434
0.0118409
0.0118386
0.0118365
0.0118333
0.0118307
0.0118287
0.0118271
0.0118256
0.011824
0.0118227
0.0118215
0.0118202
0.011819
0.0118179
0.0118168
0.0118158
0.0118148
0.0118139
0.0118133
0.0118127
0.0118119
0.0118113
0.0118108
0.01181
0.0118093
0.0118085
0.0118078
0.0118068
0.011806
0.0118054
0.0118049
0.0118043
0.0118039
0.0118035
0.0118026
0.0118017
0.0118007
0.0117996
0.0117983
0.0117971
0.0117957
0.0117943
0.0117926
0.0117906
0.0117886
0.0117865
0.0117841
0.011781
0.0117777
0.0117741
0.0117704
0.0117665
0.0117621
0.0117575
0.0117528
0.0117477
0.0117425
0.0117375
0.0117323
0.011727
0.0117219
0.0117164
0.0117111
0.0117056
0.0117
0.0116944
0.0116888
0.0116832
0.0116775
0.0116719
0.0116663
0.0116605
0.0116549
0.0116492
0.0116434
0.0116375
0.0116318
0.0116263
0.0116209
0.0116156
0.0116104
0.0116052
0.0116001
0.0115953
0.0115906
0.011586
0.0115816
0.0115771
0.0115728
0.0115684
0.0115642
0.01156
0.0115558
0.0115519
0.0115477
0.0115431
0.0115388
0.0115346
0.0115305
0.0115266
0.0115229
0.011519
0.011515
0.0115111
0.0115072
0.0115033
0.0114995
0.0114957
0.0114919
0.0114882
0.0114845
0.0114809
0.0114774
0.011474
0.0114706
0.0114673
0.011464
0.0114609
0.011458
0.0114551
0.0114524
0.0114498
0.0114472
0.0114447
0.0114424
0.0114399
0.0114375
0.0114351
0.0114329
0.0114307
0.0114286
0.0114268
0.0114248
0.011423
0.0114213
0.0114195
0.0114177
0.0114159
0.0114138
0.0114115
0.0114091
0.0114065
0.0114039
0.0114012
0.0113984
0.0113956
0.0113927
0.0113895
0.0113863
0.011383
0.0113798
0.0113766
0.0113733
0.0113701
0.0113666
0.0113628
0.011359
0.0113549
0.0113507
0.0113468
0.0113425
0.0113379
0.0113331
0.0113279
0.0113227
0.0113174
0.011312
0.0113066
0.0113014
0.0112962
0.0112911
0.0112862
0.0112813
0.0112763
0.0112713
0.0112661
0.0112608
0.0112558
0.0112509
0.0112458
0.0112407
0.0112357
0.0112308
0.0112261
0.0112212
0.0112164
0.0112113
0.0112065
0.0112017
0.0111969
0.0111919
0.0111867
0.0111814
0.0111758
0.0111702
0.0111644
0.0111585
0.0111525
0.0111464
0.0111401
0.0111339
0.0111275
0.0111204
0.0111132
0.011106
0.0110987
0.0110916
0.0110846
0.0110771
0.0110697
0.0110623
0.0110702
0.0110605
0.0110514
0.0110424
0.0110339
0.0110258
0.0110181
0.0110108
0.011004
0.0109974
0.0109914
0.0109858
0.0109803
0.0109753
0.0109706
0.0109662
0.010962
0.0109582
0.0109547
0.0109514
0.0109476
0.0109436
0.0109399
0.0109366
0.0109334
0.0109305
0.0109276
0.0109249
0.0109225
0.0109204
0.0109185
0.010926
0.0109239
0.0109217
0.0109197
0.0109178
0.0109162
0.0109148
0.0109135
0.0109123
0.0109112
0.0109104
0.0109098
0.0109079
0.0109062
0.0109263
0.0109244
0.0109236
0.0109229
0.0109043
0.0109038
0.0109033
0.0109024
0.0109013
0.0109002
0.010899
0.0108979
0.0108967
0.0108955
0.0108945
0.0108935
0.0108925
0.0108915
0.0108905
0.0108888
0.0108875
0.0108865
0.0108852
0.010884
0.0108829
0.0108818
0.0108805
0.0108794
0.0108785
0.0108778
0.0108774
0.0108773
0.0108775
0.0108778
0.0108782
0.0108787
0.0108793
0.0108799
0.0108803
0.0108811
0.0108821
0.0108831
0.0108845
0.0108863
0.0108882
0.01089
0.0108919
0.0108938
0.0108959
0.010898
0.0109002
0.0109024
0.0109047
0.0109069
0.0109091
0.0109108
0.0109126
0.0109145
0.0109165
0.0109177
0.0109189
0.0109201
0.0109214
0.0109224
0.0109235
0.0109248
0.0109263
0.010928
0.01093
0.0109321
0.0109342
0.0109361
0.0109378
0.0109395
0.0109414
0.0109435
0.0109452
0.0109471
0.0109492
0.0109512
0.0109533
0.0109553
0.0109572
0.0109591
0.0109611
0.0109632
0.0109652
0.0109672
0.0109694
0.0109715
0.0109734
0.0109753
0.0109773
0.0109795
0.0109814
0.0109832
0.0109848
0.0109864
0.0109878
0.0109894
0.0109907
0.0109919
0.010993
0.0109942
0.0109954
0.0109966
0.010998
0.0109995
0.0110007
0.0110019
0.0110032
0.0110048
0.0110065
0.0110083
0.0110101
0.011012
0.0110136
0.0110153
0.011017
0.0110188
0.0110208
0.0110228
0.0110248
0.0110267
0.0110282
0.0110297
0.0110312
0.0110325
0.0110316
0.0110315
0.0110316
0.0110317
0.0110317
0.0110316
0.0110312
0.0110307
0.0110301
0.0110294
0.0110286
0.0110279
0.0110274
0.0110268
0.0110263
0.0110259
0.0110254
0.011025
0.0110247
0.0110244
0.0110239
0.011024
0.011024
0.0110242
0.0110241
0.0110242
0.011024
0.0110235
0.011023
0.0110223
0.0110212
0.01102
0.0110186
0.0110171
0.0110153
0.0110133
0.0110108
0.0110081
0.0110049
0.0110016
0.0109976
0.0109934
0.0109891
0.0109847
0.0109802
0.0109756
0.010971
0.0109661
0.0109612
0.0109562
0.0109511
0.0109459
0.0109403
0.0109351
0.0109301
0.0109252
0.0109203
0.0109156
0.0109103
0.010905
0.0108998
0.0108945
0.0108893
0.0108838
0.0108787
0.0108737
0.0108688
0.0108642
0.0108599
0.010856
0.0108522
0.0108486
0.0108454
0.0108427
0.0108401
0.0108374
0.0108348
0.0108322
0.0108296
0.0108271
0.0108245
0.0108219
0.0108186
0.0108144
0.0108104
0.0108067
0.0108029
0.0107991
0.0107954
0.0107917
0.0107883
0.0107841
0.0107801
0.0107763
0.0107726
0.0107689
0.0107655
0.0107611
0.0107572
0.0107533
0.0107492
0.0107446
0.0107401
0.0107356
0.0107311
0.0107266
0.0107222
0.0107177
0.010713
0.0107085
0.0107038
0.0106991
0.0106939
0.0106889
0.010684
0.0106791
0.010675
0.0106699
0.010664
0.0106592
0.0106537
0.010648
0.0106427
0.0106374
0.0106325
0.0106274
0.0106231
0.0106186
0.0106147
0.0106111
0.0106068
0.0106031
0.0105995
0.0105961
0.0105927
0.0105892
0.0105861
0.0105827
0.0105793
0.0105752
0.0105717
0.0105685
0.0105656
0.010563
0.0105605
0.0105581
0.0105559
0.0105539
0.010552
0.0105501
0.0105483
0.0105465
0.0105443
0.0105421
0.0105403
0.0105387
0.0105367
0.0105346
0.0105331
0.0105319
0.0105307
0.0105298
0.0105397
0.0105375
0.0105276
0.0105271
0.0105265
0.0105258
0.0105253
0.0105245
0.0105236
0.0105227
0.0105222
0.0105217
0.0105212
0.0105205
0.0105199
0.0105189
0.0105179
0.0105171
0.0105157
0.0105142
0.0105111
0.0105095
0.0105079
0.0105064
0.010505
0.0105037
0.0105026
0.0105016
0.0105007
0.0104994
0.0104982
0.0104972
0.0104956
0.0104942
0.0104931
0.0104919
0.0104909
0.0104901
0.0104892
0.0104883
0.0104876
0.0104872
0.010487
0.010487
0.0104869
0.0104868
0.010487
0.0104872
0.0104877
0.0104883
0.0104891
0.0104905
0.0104923
0.0104941
0.0104958
0.0104979
0.0105
0.0105022
0.0105046
0.0105068
0.0105091
0.0105116
0.0105141
0.0105165
0.0105191
0.0105281
0.0105299
0.0105316
0.0105332
0.010535
0.0105368
0.0105386
0.0105403
0.0105421
0.010544
0.0105457
0.0105472
0.0105484
0.0105494
0.0105504
0.0105542
0.0105549
0.0105556
0.0105558
0.0105559
0.0105563
0.010557
0.0105571
0.0105571
0.0105575
0.0105576
0.010558
0.0105586
0.0105596
0.0105608
0.0105621
0.0105637
0.0105653
0.0105675
0.0105698
0.0105723
0.0105746
0.0105772
0.01058
0.010583
0.0105861
0.0105887
0.0105914
0.0105942
0.0105969
0.0105997
0.0106026
0.0106053
0.0106079
0.0106104
0.0106128
0.0106151
0.0106172
0.0106191
0.0106208
0.0106226
0.0106241
0.0106261
0.010628
0.01063
0.0106315
0.0106331
0.0106345
0.0106361
0.0106378
0.0106394
0.0106411
0.0106428
0.0106446
0.0106465
0.0106484
0.0106503
0.0106519
0.0106533
0.0106544
0.0106554
0.0106564
0.0106573
0.0106578
0.0106582
0.0106584
0.0106587
0.010659
0.0106592
0.0106597
0.0106601
0.0106603
0.0106606
0.0106608
0.0106609
0.0106607
0.0106607
0.0106609
0.0106611
0.0106612
0.0106616
0.0106617
0.0106617
0.0106617
0.0106617
0.0106619
0.010662
0.0106621
0.010662
0.0106621
0.0106624
0.0106629
0.0106635
0.0106642
0.010665
0.010666
0.0106662
0.0106666
0.010667
0.0106672
0.0106675
0.0106677
0.0106679
0.0106685
0.0106691
0.0106696
0.0106703
0.010671
0.0106718
0.0106729
0.0106744
0.0106755
0.0106766
0.0106779
0.0106792
0.0106806
0.0106815
0.0106827
0.0106843
0.0106857
0.0106871
0.0106882
0.0106888
0.0106899
0.0106912
0.0106928
0.0106946
0.0106968
0.0106991
0.0107013
0.0107034
0.0107054
0.0107075
0.0107098
0.0107121
0.0107144
0.0107167
0.010719
0.0107214
0.0107238
0.0107259
0.0107278
0.0107292
0.0107305
0.0107318
0.0107333
0.0107348
0.0107364
0.0107381
0.0107399
0.0107418
0.0107437
0.0107455
0.0107475
0.0107495
0.0107518
0.010754
0.010756
0.0107578
0.0107595
0.0107608
0.0107623
0.0107639
0.0107655
0.0107671
0.0107683
0.0107703
0.0107723
0.0107743
0.0107764
0.0107792
0.0107812
0.0107834
0.0107858
0.0107882
0.0107905
0.0107926
0.0107949
0.0107975
0.0108004
0.0108033
0.0108059
0.0108086
0.0108114
0.0108142
0.0108171
0.0108197
0.0108225
0.0108251
0.0108274
0.0108297
0.0108323
0.0108351
0.0108376
0.0108401
0.0108425
0.0108454
0.0108486
0.0108518
0.0108547
0.0108574
0.0108604
0.0108634
0.0108663
0.0108693
0.0108722
0.0108749
0.010877
0.0108793
0.0108816
0.0108837
0.0108859
0.0108879
0.0108901
0.010892
0.010894
0.0108961
0.0108985
0.0109011
0.0109037
0.0109063
0.0109092
0.0109124
0.0109153
0.0109184
0.0109214
0.0109245
0.0109279
0.0109314
0.0109349
0.0109385
0.0109423
0.0109459
0.0109492
0.0109522
0.0109548
0.0109575
0.0109605
0.0109634
0.0109661
0.0109686
0.0109707
0.0109728
0.010975
0.0109774
0.01098
0.0109827
0.0109854
0.010988
0.0109904
0.0109931
0.0109962
0.0109996
0.0110032
0.0110069
0.0110107
0.0110144
0.0110184
0.0110221
0.0110258
0.0110293
0.0110329
0.0110366
0.0110406
0.0110446
0.0110488
0.0110523
0.0110561
0.01106
0.011064
0.011068
0.011072
0.0110759
0.0110798
0.0110836
0.0110872
0.0110906
0.0110939
0.0110973
0.0111003
0.011103
0.0111055
0.0111078
0.0111097
0.0111116
0.0111133
0.0111146
0.011116
0.0111178
0.0111196
0.0111212
0.0111225
0.0111238
0.011125
0.0111261
0.011127
0.0111277
0.0111283
0.0111288
0.0111294
0.01113
0.0111307
0.0111312
0.0111304
0.0111317
0.0111322
0.011133
0.0111342
0.0111355
0.0111369
0.0111385
0.01114
0.0111414
0.0111428
0.0111444
0.0111467
0.0111492
0.0111518
0.0111544
0.011157
0.0111597
0.0111623
0.0111645
0.0111669
0.0111695
0.0111723
0.0111751
0.0111784
0.0111818
0.0111852
0.0111876
0.0111901
0.0111924
0.0111949
0.0111976
0.0112006
0.0112037
0.0112068
0.0112102
0.0112138
0.0112175
0.0112212
0.0112252
0.0112286
0.0112321
0.0112359
0.0112401
0.0112445
0.0112488
0.0112531
0.0112575
0.0112623
0.0112676
0.0112733
0.0112789
0.0112848
0.0112914
0.0112987
0.0113068
0.0113156
0.0113248
0.0113344
0.0113443
0.0113546
0.0113651
0.0113752
0.0113861
0.0113969
0.0114078
0.0114191
0.0114306
0.0114424
0.0114547
0.0114674
0.0114805
0.0114941
0.011508
0.0115218
0.0115357
0.0115499
0.0115642
0.0115784
0.0115926
0.0116068
0.0116209
0.0116354
0.0116501
0.0116651
0.0116801
0.0116947
0.0117089
0.011723
0.0117373
0.0117516
0.0117661
0.0117808
0.0117954
0.0118097
0.0118241
0.0118382
0.0118523
0.0118664
0.0118805
0.0118942
0.0119074
0.0119205
0.0119334
0.011946
0.0119585
0.011971
0.0119833
0.0119955
0.0120077
0.0120197
0.0120309
0.012042
0.0120526
0.0120631
0.0120731
0.012083
0.0120926
0.0121018
0.0121109
0.0121197
0.0121285
0.0121366
0.0121443
0.0121517
0.0121583
0.0121641
0.0121692
0.0121738
0.0121783
0.0121829
0.012187
0.0121907
0.0121937
0.0121962
0.0121984
0.0122003
0.0122016
0.0122021
0.0122032
0.0122044
0.0122056
0.0122068
0.0122076
0.0122075
0.0122075
0.0122076
0.0122077
0.0122078
0.0122078
0.0122077
0.0122077
0.0122077
0.0122074
0.0122071
0.0122073
0.0122073
0.0122075
0.0122079
0.0122079
0.0122079
0.0122078
0.0122074
0.012207
0.0122067
0.0122064
0.0122046
0.0122036
0.0122027
0.0122018
0.0122007
0.0121997
0.012199
0.0121985
0.0121982
0.012198
0.0121982
0.0121987
0.0121991
0.0121996
0.012201
0.0122024
0.0122046
0.0122073
0.0122105
0.0122134
0.012217
0.0122212
0.0122258
0.0122306
0.0122356
0.0122408
0.0122465
0.0122532
0.0122599
0.012267
0.0122745
0.0122826
0.0122912
0.0122999
0.0123086
0.0123171
0.0123258
0.012335
0.0123447
0.0123546
0.012365
0.0123753
0.0123858
0.0123969
0.0124086
0.0124208
0.0124333
0.0124461
0.0124592
0.0124724
0.0124856
0.0124988
0.0125123
0.012526
0.0125398
0.0125537
0.012568
0.0125823
0.0125969
0.0126112
0.0126255
0.0126402
0.0126549
0.0126698
0.0126849
0.0127008
0.0127173
0.012734
0.0127509
0.012768
0.0127848
0.0128017
0.0128185
0.0128355
0.0128527
0.0128699
0.0128869
0.012904
0.0129203
0.0129361
0.0129518
0.0129676
0.0129837
0.0129997
0.0130152
0.0130291
0.0130444
0.0130599
0.0130754
0.0130913
0.013107
0.0131218
0.0131364
0.0131508
0.0131654
0.0131799
0.0131942
0.0132083
0.0132219
0.013235
0.0132478
0.0132607
0.0132734
0.0132856
0.0132976
0.0133095
0.0133211
0.0133326
0.0133442
0.0133557
0.0133675
0.0133789
0.0133903
0.0134014
0.0134122
0.0134227
0.0134331
0.0134441
0.0134556
0.0134672
0.0134789
0.0134907
0.0135022
0.0135134
0.0135248
0.0135364
0.0135482
0.0135602
0.0135722
0.0135848
0.0135982
0.013612
0.0136265
0.0136417
0.0136576
0.013674
0.0136907
0.0137076
0.0137245
0.0137417
0.0137591
0.0137779
0.013796
0.0138143
0.0138331
0.0138511
0.01387
0.0138891
0.0139078
0.0139268
0.0139459
0.0139652
0.0139848
0.0140047
0.0140239
0.0140429
0.0140619
0.0140809
0.0141
0.0141193
0.014139
0.0141587
0.014178
0.0141971
0.0142159
0.0142348
0.0142534
0.014272
0.0142902
0.0143081
0.0143257
0.0143432
0.0143611
0.0143787
0.0143959
0.0144133
0.0144306
0.0144476
0.0144643
0.0144809
0.0144972
0.0145134
0.0145293
0.0145449
0.0145603
0.014576
0.0145918
0.0146079
0.0146236
0.0146394
0.0146554
0.0146716
0.014688
0.0147048
0.0147212
0.0147375
0.0147539
0.0147698
0.0147859
0.014802
0.0148175
0.0148336
0.01485
0.0148666
0.0148836
0.0149009
0.0149188
0.0149368
0.0149552
0.0149743
0.0149939
0.0150129
0.0150327
0.015053
0.0150739
0.0150948
0.0151159
0.0151375
0.0151589
0.0151801
0.0152017
0.0152237
0.0152456
0.0152681
0.0152907
0.0153135
0.0153367
0.0153601
0.0153837
0.0154077
0.015432
0.0154567
0.015482
0.0155075
0.0155322
0.0155574
0.0155826
0.015608
0.0156333
0.0156587
0.0156843
0.0157101
0.0157357
0.0157613
0.0157873
0.015813
0.0158388
0.0158645
0.0158901
0.0159157
0.0159412
0.0159664
0.015992
0.0160182
0.0160446
0.0160706
0.0160967
0.0161226
0.016148
0.016173
0.016199
0.0162252
0.0162514
0.0162781
0.0163055
0.0163351
0.0163622
0.0163908
0.0164196
0.016449
0.0164781
0.0165063
0.0165345
0.0165623
0.0165895
0.0166172
0.0166448
0.0166734
0.0167021
0.016731
0.0167598
0.0167885
0.0168175
0.0168467
0.016876
0.0169056
0.0169359
0.0169663
0.0169967
0.0170267
0.0170566
0.0170876
0.0171191
0.0171513
0.0171841
0.0172169
0.0172501
0.0172841
0.0173175
0.017351
0.0173844
0.0174174
0.0174505
0.017484
0.0175186
0.0175542
0.0175898
0.0176266
0.0176637
0.0177013
0.0177391
0.0177775
0.0178157
0.0178544
0.0178932
0.0179325
0.0179719
0.0180121
0.0180522
0.0180927
0.0181323
0.0181722
0.0182117
0.018251
0.0182904
0.0183299
0.0183687
0.0184075
0.0184466
0.0184849
0.0185228
0.0185614
0.0186005
0.0186411
0.0186811
0.0187207
0.0187606
0.0188016
0.0188427
0.0188844
0.0189242
0.0189643
0.0190049
0.0190446
0.0190854
0.0191269
0.0191683
0.0192093
0.0192499
0.0192895
0.0193296
0.0193701
0.0194111
0.0194527
0.0194947
0.0195373
0.0195804
0.0196239
0.0196677
0.0197117
0.0197563
0.0198003
0.0198441
0.0198874
0.0199299
0.019971
0.0200125
0.0200531
0.0200917
0.02013
0.0201681
0.0202049
0.0202411
0.0202758
0.0203093
0.0203428
0.0203768
0.0204122
0.020448
0.0204842
0.0205208
0.0205583
0.0205965
0.0206353
0.0206751
0.0207166
0.0207602
0.0208045
0.0208495
0.0208967
0.0209451
0.0209958
0.0210493
0.021106
0.0211644
0.0212248
0.0212877
0.0213519
0.0214184
0.021488
0.0215598
0.0216336
0.0217101
0.0217883
0.0218678
0.0219495
0.0220329
0.0221163
0.0222008
0.022287
0.0223747
0.0224651
0.0225561
0.0226485
0.0227422
0.0228369
0.0229327
0.023029
0.0231243
0.0232202
0.023317
0.0234153
0.0235148
0.0236161
0.0237197
0.0238259
0.0239349
0.0240475
0.0241639
0.024282
0.0244027
0.0245265
0.0246529
0.0247822
0.0249133
0.0250455
0.0251785
0.0253109
0.0254442
0.0255779
0.0257089
0.025838
0.0259662
0.0260957
0.0262218
0.0263431
0.0264589
0.0265715
0.0266801
0.0267836
0.026884
0.0269833
0.0270764
0.027164
0.027248
0.0273258
0.0273992
0.0274679
0.0275305
0.0275884
0.0276409
0.0276903
0.0277338
0.0277722
0.0278047
0.0278345
0.02786
0.0278814
0.0278985
0.0279122
0.0279231
0.0279333
0.0279438
0.0279562
0.0279646
0.0279691
0.0279759
0.0279844
0.0279907
0.0279951
0.0279968
0.027996
0.0279933
0.0279893
0.0279861
0.0279807
0.0279749
0.0279707
0.0279669
0.0279657
0.0279683
0.0279724
0.0279768
0.0279841
0.0279929
0.0280054
0.0280204
0.0280367
0.0280614
0.0280895
0.0281217
0.0281574
0.0281949
0.0282358
0.0282801
0.0283249
0.0283727
0.0284222
0.0284712
0.0285212
0.0285724
0.0286217
0.0286714
0.0287159
0.0287555
0.0287941
0.0288353
0.0288744
0.0289133
0.0289555
0.0289989
0.0290432
0.0290862
0.0291237
0.0291601
0.0291951
0.0292314
0.0292644
0.0292932
0.0293174
0.02934
0.0293616
0.0293825
0.0294009
0.0294184
0.029436
0.0294536
0.0294713
0.0294897
0.0295096
0.0295316
0.029555
0.0295774
0.0295994
0.0296195
0.0296292
0.0296377
0.0296438
0.0296481
0.02965
0.0296527
0.0296501
0.0296354
0.0296201
0.0295975
0.0295688
0.0295379
0.0295077
0.0294801
0.0294568
0.0294389
0.0294256
0.0294125
0.0293971
0.0293824
0.0293748
0.0293679
0.0293621
0.0293545
0.029349
0.0293408
0.0293194
0.0292948
0.0292819
0.0292766
0.0292792
0.0292906
0.029308
0.0293333
0.0293475
0.0293638
0.0293907
0.0294289
0.0294703
0.0295169
0.0295653
0.0296146
0.0296663
0.0297097
0.0297379
0.029757
0.0297877
0.029819
0.0298525
0.0298896
0.0299275
0.0299545
0.0299708
0.029975
0.0299781
0.0299841
0.0299951
0.0300086
0.0300193
0.030027
0.0300294
0.0300302
0.0300197
0.0300027
0.0299912
0.0299864
0.0299897
0.0300065
0.0300158
0.0300159
0.0300244
0.0300372
0.0300479
0.0300544
0.0300623
0.0300704
0.0300933
0.0301205
0.0301273
0.0301207
0.0301102
0.0300944
0.0300774
0.0300562
0.0300314
0.0299995
0.029961
0.0299209
0.0298857
0.0298529
0.0298222
0.0297947
0.029759
0.0296997
0.0296664
0.0296257
0.0295877
0.0295564
0.0295255
0.0294636
0.0293861
0.0293136
0.0292472
0.0291842
0.0291254
0.0290695
0.0290205
0.0289838
0.0289623
0.0289559
0.028966
0.0289923
0.0290247
0.0290748
0.0291391
0.0292124
0.0292857
0.0293443
0.0293905
0.0294281
0.0294553
0.029472
0.0294738
0.0294644
0.0294516
0.0294433
0.0294295
0.0294251
0.0294251
0.0294377
0.0294609
0.029482
0.0295045
0.029508
0.0294734
0.0294499
0.0294379
0.0294325
0.0294352
0.0294326
0.0294158
0.029393
0.0293558
0.0293149
0.029257
0.0292037
0.0291616
0.0291128
0.0290675
0.0290261
0.0289811
0.0289351
0.0288809
0.0288232
0.0287556
0.0286744
0.0285962
0.0285222
0.028453
0.0283901
0.0283356
0.0282856
0.0282322
0.0281849
0.0281477
0.0281085
0.028073
0.0280388
0.0280016
0.0279642
0.02793
0.0278938
0.0278571
0.0278133
0.0277585
0.027698
0.0276313
0.0275632
0.0274831
0.0274066
0.0273411
0.027287
0.0272445
0.0272093
0.0271794
0.0271503
0.0271329
0.0271232
0.0271171
0.0271152
0.0271109
0.0271083
0.0270997
0.0270901
0.0270873
0.027074
0.0270567
0.0270364
0.0270045
0.0269661
0.0269217
0.0268671
0.0268139
0.0267547
0.0266675
0.0265722
0.0264488
0.0263397
0.0262477
0.0261569
0.026076
0.0259947
0.0259166
0.0258313
0.0257426
0.0256613
0.0255918
0.0255289
0.0254783
0.0254334
0.025398
0.0253679
0.0253478
0.0253392
0.0253034
0.0252674
0.025241
0.0252119
0.0251684
0.0251329
0.0251115
0.0251021
0.0250989
0.0251044
0.0251127
0.0251245
0.0251338
0.0251337
0.025114
0.0250866
0.025051
0.0250078
0.0249662
0.0249243
0.0248839
0.0248428
0.0247978
0.0247545
0.0247169
0.0246819
0.0246502
0.0246233
0.0245915
0.0245314
0.0244529
0.0243578
0.0242672
0.0241836
0.0241018
0.0240194
0.0239407
0.0238605
0.0237833
0.0237099
0.0236242
0.0235347
0.0234515
0.0233753
0.0232961
0.0232194
0.0231595
0.023112
0.0230774
0.023049
0.023014
0.0229635
0.0229166
0.022868
0.0228224
0.0227614
0.0227109
0.0226533
0.0226034
0.0225645
0.0225349
0.022512
0.0225146
0.0225003
0.0224901
0.0224807
0.022475
0.0224706
0.022465
0.0224376
0.0223982
0.0223549
0.0223043
0.0222561
0.022212
0.0221762
0.0221414
0.0221198
0.0221072
0.0221032
0.0221058
0.0221162
0.0221493
0.0221483
0.0221685
0.0221841
0.0222035
0.0222193
0.0222291
0.0222431
0.0222614
0.022275
0.0222845
0.0222923
0.0222974
0.0223007
0.0223033
0.0223015
0.0222964
0.0222899
0.0222795
0.0222679
0.0222594
0.0222518
0.0222412
0.0222305
0.0222211
0.0222073
0.0221927
0.0221776
0.0221632
0.022152
0.0221425
0.0221291
0.0221064
0.0220837
0.0220513
0.0220065
0.0219444
0.021875
0.0218107
0.0217503
0.0216913
0.0216342
0.0215785
0.021527
0.0214808
0.0214359
0.0213909
0.0213511
0.0213112
0.0212731
0.0212379
0.0212026
0.0211685
0.0211317
0.0210974
0.0210639
0.0210338
0.021009
0.0209845
0.0209577
0.0209304
0.0209036
0.0208762
0.0208514
0.0208272
0.0208006
0.0207763
0.020756
0.0207358
0.020718
0.0207049
0.0206943
0.0206823
0.0206688
0.020652
0.0206352
0.0206192
0.0206007
0.0205745
0.0205465
0.0205168
0.0204893
0.0204594
0.0204235
0.0203854
0.0203486
0.0203141
0.0202783
0.0202424
0.020206
0.0201762
0.0201531
0.0201374
0.0201262
0.020118
0.0201131
0.0201103
0.0201074
0.0201038
0.0201001
0.0200961
0.0200814
0.0200649
0.0200511
0.0200384
0.0200271
0.0200153
0.0200009
0.0199855
0.0199687
0.0199478
0.0199239
0.0198991
0.0198729
0.0198438
0.0198149
0.019785
0.0197528
0.0197217
0.0196932
0.0196654
0.019641
0.0196183
0.0195986
0.0195821
0.0195705
0.019562
0.0195557
0.0195533
0.0195532
0.0195543
0.0195557
0.0195568
0.0195543
0.0195439
0.0195252
0.0195079
0.0194923
0.0194745
0.0194499
0.0194212
0.0193931
0.0193633
0.0193321
0.0193
0.0192614
0.0192192
0.0191754
0.0191321
0.0190877
0.0190447
0.0190017
0.0189617
0.0189258
0.0188919
0.0188562
0.0188214
0.0187901
0.0187617
0.0187364
0.0187132
0.0186928
0.0186759
0.0186641
0.0186523
0.0186432
0.0186345
0.0186261
0.01862
0.018616
0.0186143
0.0186115
0.0186047
0.0185956
0.0185885
0.0185796
0.0185604
0.0185379
0.0185148
0.0184929
0.0184716
0.0184483
0.0184228
0.0183948
0.0183645
0.0183364
0.0183083
0.0182771
0.0182464
0.0182168
0.0181887
0.0181615
0.0181361
0.0181139
0.0180948
0.018064
0.0180459
0.0180265
0.0180073
0.0179931
0.017986
0.0179826
0.0179843
0.01799
0.0179974
0.0180062
0.018014
0.0180194
0.0180187
0.0180128
0.0180006
0.0179789
0.0179378
0.0178929
0.0178495
0.0178082
0.0177644
0.0177226
0.0176851
0.0176469
0.0176121
0.0175822
0.0175587
0.0175399
0.017526
0.0175157
0.0175072
0.0174917
0.0174776
0.0174648
0.0174528
0.0174431
0.0174404
0.0174325
0.0174226
0.017412
0.0174039
0.0173891
0.0173727
0.0173561
0.0173402
0.0173245
0.0173079
0.0172912
0.017267
0.0172426
0.0172193
0.0171955
0.0171709
0.0171457
0.0171134
0.0170727
0.0170333
0.016995
0.016957
0.0169201
0.0168834
0.0168449
0.0168096
0.0167751
0.0167382
0.0167012
0.0166659
0.016631
0.0165937
0.0165577
0.016521
0.0164945
0.0164723
0.0164551
0.0164416
0.0164322
0.0164265
0.016467
0.0164708
0.0164958
0.0164952
0.0164926
0.01648
0.0164927
0.0164855
0.0164904
0.0164646
0.0164645
0.0164644
0.0164649
0.0164657
0.0164671
0.0164689
0.0164709
0.0164701
0.0164662
0.016461
0.0164699
0.0164586
0.0164468
0.0164335
0.0164169
0.0164
0.0163812
0.016361
0.0163413
0.0163212
0.0163071
0.0162792
0.0162555
0.0162319
0.0162094
0.016188
0.0161651
0.016142
0.0161208
0.0161012
0.0160827
0.0160653
0.0160485
0.0160318
0.0160145
0.0159959
0.0159784
0.0159607
0.0159396
0.0159147
0.0158879
0.015862
0.0158355
0.0158109
0.0157882
0.0157674
0.0157472
0.015727
0.0157052
0.015684
0.015663
0.0156424
0.0156227
0.0156044
0.0155857
0.0155662
0.0155463
0.0155267
0.015506
0.0154827
0.0154607
0.0154386
0.0154191
0.0153995
0.0153803
0.015363
0.015347
0.0153338
0.0153211
0.0153089
0.0152972
0.0152866
0.0152761
0.015266
0.0152569
0.0152489
0.0152418
0.0152342
0.0152265
0.0152206
0.0152155
0.0152104
0.0152024
0.0151922
0.0151823
0.0151722
0.0151628
0.0151536
0.0151462
0.0151398
0.015134
0.0151288
0.0151232
0.0151172
0.0151116
0.0151065
0.0151011
0.0150961
0.0150914
0.0150869
0.0150837
0.0150814
0.0150789
0.0150759
0.0150743
0.0150736
0.0150702
0.0150656
0.0150584
0.0150489
0.0150394
0.0150289
0.0150177
0.0150063
0.0149943
0.0149827
0.014972
0.0149617
0.0149506
0.0149401
0.0149299
0.014919
0.0149044
0.0148892
0.0148702
0.0148512
0.0148284
0.0148053
0.0147831
0.0147608
0.0147381
0.0147154
0.0146934
0.0146704
0.014648
0.0146258
0.0146029
0.0145799
0.0145569
0.0145335
0.01451
0.0144867
0.0144634
0.0144398
0.0144168
0.0143943
0.0143717
0.0143496
0.014328
0.014307
0.0142855
0.0142634
0.0142419
0.0142222
0.0142048
0.0141888
0.014173
0.0141575
0.0141426
0.0141293
0.0141172
0.0141031
0.0140883
0.0140753
0.0140641
0.0140545
0.0140465
0.0140403
0.0140353
0.0140317
0.0140296
0.0140282
0.014027
0.0140261
0.0140262
0.0140262
0.0140272
0.0140293
0.0140325
0.0140329
0.0140316
0.0140301
0.0140284
0.0140257
0.0140225
0.0140191
0.0140157
0.014013
0.0140102
0.0140067
0.0140042
0.0140015
0.0139984
0.0139928
0.0139863
0.0139798
0.0139723
0.0139624
0.0139523
0.0139401
0.0139273
0.013914
0.013901
0.0138881
0.0138742
0.0138602
0.0138464
0.0138331
0.0138204
0.0138086
0.013798
0.013787
0.0137754
0.0137644
0.0137534
0.0137411
0.0137288
0.0137163
0.0137053
0.0137217
0.0137051
0.0136972
0.0137099
0.0137078
0.013685
0.0136569
0.0136432
0.0136258
0.0136108
0.0135972
0.0135853
0.0135751
0.0135664
0.0135595
0.0135547
0.0135523
0.0135455
0.0135336
0.0135232
0.013513
0.0135031
0.0134931
0.0134847
0.013475
0.0134656
0.013456
0.0134469
0.0134388
0.013431
0.0134244
0.0134191
0.0134149
0.0134089
0.0134004
0.0133938
0.0133881
0.0133846
0.0133831
0.0133835
0.0133848
0.013387
0.0133887
0.0133914
0.0133933
0.0133972
0.0134009
0.0134054
0.0134105
0.0134159
0.0134215
0.0134262
0.0134312
0.0134351
0.0134371
0.0134391
0.0134414
0.0134436
0.0134452
0.0134449
0.0134435
0.0134422
0.0134405
0.0134388
0.0134363
0.0134338
0.0134317
0.0134292
0.0134266
0.0134252
0.0134213
0.0134164
0.0134127
0.0134068
0.0134004
0.0133941
0.0133886
0.0133829
0.0133776
0.0133711
0.0133643
0.013358
0.0133523
0.0133452
0.0133376
0.013331
0.013325
0.0133148
0.0133053
0.0132962
0.0132847
0.0132734
0.0132626
0.0132523
0.0132412
0.0132294
0.013219
0.0132086
0.0131988
0.0131891
0.0131791
0.0131695
0.0131609
0.0131513
0.0131414
0.0131327
0.0131245
0.0131157
0.0131067
0.0130978
0.0130892
0.0130813
0.0130741
0.0130672
0.0130603
0.0130531
0.0130462
0.0130395
0.013033
0.0130269
0.0130211
0.0130156
0.0130103
0.0130044
0.0129975
0.0129905
0.0129843
0.0129783
0.0129721
0.0129661
0.0129607
0.0129563
0.0129529
0.0129505
0.0129492
0.0129483
0.0129481
0.0129488
0.0129506
0.0129524
0.012953
0.0129512
0.0129503
0.0129501
0.0129504
0.0129509
0.0129513
0.012952
0.0129512
0.0129489
0.0129459
0.0129415
0.0129357
0.0129286
0.0129199
0.0129091
0.0128974
0.0128842
0.0128697
0.012855
0.0128401
0.0128238
0.0128072
0.0127909
0.0127751
0.0127591
0.0127421
0.0127253
0.0127091
0.0126936
0.0126783
0.0126635
0.0126497
0.0126364
0.0126218
0.0126041
0.0125882
0.0125737
0.0125602
0.0125478
0.0125361
0.0125257
0.0125159
0.012507
0.0124977
0.0124895
0.0124821
0.0124755
0.0124696
0.0124645
0.0124604
0.0124569
0.0124529
0.0124495
0.0124456
0.0124422
0.0124388
0.0124362
0.0124331
0.0124294
0.0124237
0.0124182
0.0124131
0.0124089
0.0124047
0.0124009
0.0123965
0.0123922
0.0123888
0.0123829
0.0123788
0.0123757
0.0123734
0.0123716
0.0123706
0.0123699
0.0123695
0.0123688
0.0123673
0.0123653
0.0123639
0.0123625
0.0123617
0.0123603
0.0123585
0.0123571
0.0123553
0.0123543
0.0123537
0.0123537
0.0123538
0.0123542
0.0123553
0.0123559
0.0123568
0.0123575
0.0123579
0.0123587
0.0123594
0.0123599
0.01236
0.0123604
0.0123611
0.0123619
0.0123626
0.0123635
0.0123651
0.0123672
0.0123702
0.0123731
0.0123764
0.01238
0.012384
0.0123855
0.0123853
0.0123841
0.0123828
0.0123811
0.0123793
0.0123776
0.0123755
0.0123726
0.0123698
0.0123674
0.012365
0.0123629
0.0123611
0.0123598
0.012358
0.012356
0.012355
0.0123551
0.0123557
0.0123556
0.012356
0.0123569
0.0123582
0.01236
0.0123617
0.0123622
0.0123625
0.0123629
0.0123639
0.0123658
0.0123678
0.0123705
0.0123737
0.0123767
0.01238
0.0123841
0.0123891
0.012395
0.012401
0.0124074
0.0124142
0.0124216
0.0124296
0.0124382
0.0124471
0.0124562
0.0124647
0.0124741
0.0124841
0.0124951
0.0125057
0.0125161
0.012526
0.0125357
0.012543
0.0125517
0.0125608
0.0125701
0.0125788
0.0125867
0.0125947
0.0126032
0.0126117
0.0126198
0.0126256
0.012631
0.0126365
0.0126429
0.0126491
0.0126555
0.0126625
0.0126693
0.0126756
0.0126817
0.0126873
0.012693
0.0126979
0.0127026
0.0127066
0.0127105
0.0127138
0.0127164
0.0127192
0.0127211
0.0127229
0.0127241
0.0127247
0.0127243
0.0127236
0.0127225
0.0127213
0.01272
0.0127139
0.0127119
0.0127089
0.0127055
0.0126986
0.0126911
0.0126837
0.0126892
0.0126826
0.012676
0.0126695
0.0126496
0.0126342
0.0126248
0.0126152
0.0126058
0.0125964
0.0125853
0.0125744
0.0125636
0.0125521
0.0125396
0.012527
0.0125141
0.0125006
0.0124867
0.0124728
0.0124585
0.0124439
0.0124297
0.0124162
0.0124015
0.0123863
0.0123712
0.0123554
0.0123399
0.0123247
0.0123094
0.0122935
0.0122776
0.0122603
0.0122439
0.0122283
0.0122133
0.0121983
0.0121842
0.0121704
0.0121571
0.0121441
0.0121318
0.0121213
0.0121117
0.0121022
0.0120935
0.0120865
0.0120806
0.012075
0.01207
0.0120658
0.012062
0.0120569
0.0120546
0.0120532
0.012052
0.0120521
0.012053
0.0120546
0.0120568
0.0120596
0.0120629
0.0120669
0.0120711
0.0120754
0.0120803
0.0120859
0.0120916
0.0120953
0.0120952
0.0120872
0.0120796
0.0120712
0.012063
0.0120547
0.0120463
0.0120338
0.0120209
0.0120077
0.0119944
0.011981
0.0119685
0.0119562
0.0119438
0.0119311
0.0119181
0.0119044
0.0118901
0.0118754
0.0118606
0.0118457
0.0118309
0.0118158
0.0117989
0.0117799
0.0117603
0.0117407
0.0117233
0.0117049
0.0116868
0.011669
0.0116508
0.0116319
0.011613
0.0115941
0.0115755
0.0115575
0.0115402
0.0115224
0.0115038
0.0114843
0.0114651
0.0114471
0.01143
0.0114159
0.0114012
0.0113882
0.0113772
0.0113671
0.0113582
0.0113503
0.0113407
0.0113374
0.0113318
0.0113244
0.0113208
0.0113184
0.0113164
0.0113142
0.0113126
0.0113117
0.0113113
0.011312
0.0113128
0.0113142
0.0113157
0.0113163
0.0113166
0.0113173
0.011318
0.0113191
0.0113209
0.0113228
0.0113254
0.0113288
0.0113328
0.0113372
0.0113425
0.0113482
0.0113541
0.01136
0.0113661
0.0113719
0.0113773
0.0113819
0.0113866
0.0113917
0.0113974
0.0114027
0.0114068
0.0114113
0.0114161
0.0114186
0.0114214
0.0114247
0.011428
0.0114314
0.0114355
0.0114398
0.0114444
0.0114502
0.0114589
0.0114611
0.0114691
0.0114713
0.0114771
0.0114829
0.0114886
0.0114946
0.0114996
0.0115037
0.0115082
0.011512
0.0115164
0.0115207
0.0115252
0.0115286
0.0115309
0.0115335
0.011536
0.011539
0.0115396
0.0115434
0.0115463
0.011548
0.0115495
0.0115514
0.0115533
0.0115551
0.0115571
0.0115592
0.0115603
0.0115608
0.0115613
0.0115619
0.011562
0.0115619
0.011562
0.0115623
0.0115626
0.0115628
0.0115632
0.0115636
0.0115636
0.0115637
0.0115641
0.0115648
0.0115655
0.011566
0.0115662
0.0115669
0.011568
0.0115692
0.0115703
0.0115719
0.0115736
0.0115745
0.0115752
0.0115767
0.011579
0.0115817
0.0115854
0.0115903
0.0115956
0.0116013
0.0116076
0.0116137
0.0116196
0.0116253
0.0116316
0.0116385
0.0116447
0.0116504
0.0116558
0.0116606
0.011665
0.0116688
0.0116719
0.0116746
0.0116766
0.0116782
0.0116796
0.0116803
0.0116806
0.0116807
0.0116802
0.0116791
0.0116775
0.0116755
0.0116734
0.0116714
0.0116686
0.0116635
0.0116578
0.0116519
0.011646
0.0116403
0.011633
0.0116256
0.0116182
0.0116106
0.0116025
0.0115938
0.011585
0.0115761
0.0115665
0.011556
0.0115455
0.0115346
0.0115233
0.0115117
0.0115005
0.0114898
0.0114789
0.0114674
0.011456
0.0114445
0.011433
0.011421
0.0114091
0.0113968
0.0113846
0.0113708
0.0113561
0.0113415
0.0113264
0.0113117
0.0112974
0.0112834
0.0112698
0.0112569
0.0112446
0.0112323
0.0112201
0.0112083
0.011197
0.0111857
0.0111745
0.011164
0.0111539
0.0111443
0.011135
0.0111262
0.0111183
0.01111
0.0111007
0.0110927
0.011087
0.0110827
0.0110777
0.0110727
0.0110681
0.0110641
0.0110603
0.0110516
0.0110425
0.0110332
0.0110242
0.0110156
0.0110074
0.0109991
0.0109908
0.0109829
0.0109752
0.010968
0.010961
0.0109546
0.0109488
0.010943
0.0109378
0.0109333
0.0109291
0.0109254
0.0109216
0.0109177
0.0109133
0.0109092
0.0109054
0.0109014
0.010897
0.0108918
0.0108863
0.0108808
0.0108732
0.0108658
0.0108599
0.0108543
0.010849
0.0108436
0.0108383
0.0108328
0.0108282
0.0108238
0.0108198
0.0108163
0.0108133
0.0108107
0.0108087
0.0108069
0.0108051
0.0108034
0.0108023
0.0108015
0.0108003
0.0107988
0.0107979
0.0107979
0.0107984
0.0107983
0.0107969
0.0107951
0.0107945
0.0107945
0.010796
0.0107964
0.0107972
0.0107984
0.0107993
0.0108016
0.0108046
0.0108074
0.010808
0.0108027
0.0108023
0.010802
0.010802
0.010802
0.0108022
0.0108077
0.0108074
0.0108059
0.010802
0.0107978
0.0107934
0.0107886
0.010785
0.0107814
0.0107772
0.0107727
0.0107672
0.0107613
0.0107555
0.01075
0.010745
0.0107404
0.0107365
0.0107331
0.0107297
0.0107265
0.010724
0.0107219
0.0107204
0.0107191
0.0107189
0.0107194
0.0107206
0.0107225
0.0107256
0.0107294
0.0107328
0.0107363
0.0107404
0.010745
0.01075
0.0107556
0.0107615
0.0107676
0.0107741
0.0107805
0.0107867
0.0107929
0.0107985
0.0108034
0.0108077
0.0108119
0.0108159
0.0108201
0.0108242
0.0108284
0.0108326
0.0108366
0.0108404
0.0108438
0.0108427
0.0108423
0.0108419
0.0108416
0.0108413
0.0108408
0.0108402
0.0108395
0.0108387
0.0108372
0.0108352
0.0108327
0.0108304
0.0108275
0.0108239
0.0108198
0.0108151
0.01081
0.0108045
0.0107981
0.0107907
0.0107832
0.0107755
0.010768
0.0107602
0.0107514
0.0107426
0.0107334
0.0107241
0.0107145
0.0107043
0.0106943
0.0106844
0.0106747
0.0106651
0.0106558
0.0106468
0.010638
0.0106295
0.0106212
0.0106128
0.0106046
0.0105964
0.0105882
0.0105802
0.0105726
0.0105648
0.0105567
0.0105483
0.01054
0.0105321
0.0105244
0.0105165
0.010507
0.0104959
0.0104853
0.0104752
0.0104646
0.0104546
0.0104452
0.0104365
0.0104282
0.010421
0.0104145
0.0104084
0.0104028
0.0103973
0.0103923
0.0103875
0.0103836
0.0103803
0.0103774
0.0103741
0.010371
0.0103681
0.0103655
0.0103633
0.0103615
0.0103601
0.0103585
0.010357
0.0103557
0.0103539
0.0103517
0.0103496
0.0103482
0.0103475
0.0103467
0.010346
0.0103455
0.0103455
0.0103457
0.0103465
0.0103476
0.0103493
0.0103432
0.0103402
0.0103377
0.0103353
0.0103331
0.0103309
0.0103287
0.0103264
0.0103244
0.0103226
0.0103211
0.0103201
0.0103194
0.0103188
0.0103179
0.0103164
0.010315
0.0103136
0.0103125
0.0103113
0.0103102
0.0103091
0.0103082
0.0103074
0.0103066
0.0103058
0.0103053
0.0103053
0.0103054
0.0103025
0.0102978
0.0102932
0.0102889
0.0102846
0.0102804
0.0102768
0.0102738
0.0102571
0.0102579
0.0102605
0.0102579
0.0102563
0.010255
0.0102538
0.0102526
0.010251
0.0102496
0.0102484
0.010248
0.0102468
0.0102459
0.0102446
0.0102431
0.0102421
0.0102401
0.0102385
0.010237
0.010235
0.010233
0.0102311
0.0102294
0.010228
0.0102266
0.0102253
0.0102239
0.0102225
0.0102213
0.0102208
0.0102206
0.0102208
0.0102206
0.0102208
0.0102207
0.0102209
0.0102206
0.0102208
0.0102208
0.0102211
0.0102209
0.0102206
0.01022
0.0102192
0.0102188
0.0102185
0.0102184
0.0102186
0.0102188
0.0102188
0.0102187
0.0102188
0.0102189
0.0102184
0.0102181
0.0102179
0.0102177
0.0102178
0.010218
0.0102183
0.0102184
0.0102189
0.0102191
0.0102195
0.01022
0.0102208
0.0102215
0.0102219
0.010222
0.0102217
0.0102213
0.0102203
0.0102171
0.0102143
0.010212
0.0102102
0.0102089
0.0102078
0.0102066
0.0102057
0.0102046
0.0102038
0.0102032
0.0102029
0.0102024
0.0102019
0.0102017
0.0102019
0.0102019
0.0102023
0.0102029
0.0102038
0.0102048
0.0102059
0.0102069
0.0102075
0.0102083
0.0102092
0.0102101
0.0102112
0.0102124
0.0102132
0.0102137
0.0102141
0.0102139
0.0102136
0.0102137
0.0102138
0.0102139
0.0102141
0.0102135
0.0102124
0.0102113
0.0102102
0.0102094
0.0102085
0.0102076
0.0102066
0.0102059
0.0102044
0.0102021
0.0101994
0.0101974
0.0101954
0.0101938
0.0101924
0.0101912
0.0101902
0.0101894
0.0101886
0.0101879
0.0101875
0.0101875
0.0101866
0.0101849
0.0101847
0.0101848
0.0101847
0.0101852
0.010186
0.0101854
0.0101849
0.0101846
0.0101845
0.0101841
0.0101838
0.0101837
0.0101838
0.010184
0.0101843
0.0101843
0.0101842
0.0101842
0.0101838
0.0101838
0.010184
0.0101843
0.0101846
0.0101849
0.0101853
0.0101859
0.0101866
0.0101875
0.0101887
0.0101902
0.0101915
0.0101934
0.0101953
0.0101972
0.0101957
0.010194
0.010193
0.0101927
0.010193
0.010194
0.0101955
0.0101973
0.010199
0.0102011
0.0102043
0.0102084
0.0102127
0.0102171
0.0102221
0.0102275
0.0102331
0.0102387
0.0102401
0.0102413
0.0102436
0.0102463
0.0102495
0.0102533
0.0102575
0.0102621
0.0102663
0.0102698
0.0102739
0.0102786
0.0102837
0.0102891
0.010295
0.0103013
0.0103077
0.0103142
0.0103204
0.0103263
0.0103326
0.0103393
0.0103467
0.010354
0.0103613
0.0103685
0.0103763
0.0103847
0.0103927
0.0104011
0.0104096
0.0104188
0.0104282
0.0104363
0.0104445
0.010453
0.0104618
0.0104706
0.0104794
0.010488
0.0104963
0.0105039
0.0105109
0.0105179
0.0105256
0.0105342
0.010544
0.0105545
0.0105658
0.0105781
0.0105916
0.0106066
0.0106227
0.0106388
0.0106559
0.0106739
0.0106943
0.0107121
0.0107247
0.0107305
0.0107312
0.0107252
0.0107197
0.0107089
0.0106963
0.0106846
0.0106755
0.0106677
0.0106619
0.0106576
0.0106534
0.0106488
0.0106442
0.0106404
0.010638
0.0106374
0.0106386
0.0106422
0.0106482
0.0106548
0.0106621
0.0106703
0.0106778
0.0106844
0.0106878
0.0106871
0.0106825
0.0106735
0.010659
0.0106412
0.010623
0.0106058
0.0105912
0.0105797
0.010571
0.0105645
0.0105601
0.0105573
0.0105549
0.0105524
0.0105497
0.0105466
0.0105426
0.0105382
0.010534
0.0105307
0.0105279
0.0105259
0.0105244
0.010523
0.0105215
0.0105197
0.0105174
0.0105135
0.0105084
0.0105022
0.0104956
0.0104885
0.0104811
0.0104731
0.0104649
0.0104569
0.0104498
0.0104436
0.0104383
0.0104338
0.0104294
0.0104252
0.0104213
0.0104171
0.0104129
0.0104087
0.0104035
0.0103976
0.0103933
0.0103887
0.0103858
0.0103824
0.0103799
0.0103771
0.0103733
0.0103707
0.0103669
0.0103647
0.0103614
0.0103595
0.010357
0.0103554
0.0103534
0.0103528
0.0103516
0.0103514
0.010351
0.0103518
0.0103522
0.0103525
0.0103527
0.010354
0.010355
0.0103585
0.0103603
0.0103624
0.0103639
0.010366
0.0103682
0.0103708
0.0103728
0.010376
0.0103795
0.0103829
0.0103865
0.0103899
0.0103933
0.0103967
0.0104001
0.0104042
0.0104075
0.0104108
0.0104142
0.0104179
0.0104211
0.0104241
0.0104275
0.0104307
0.010434
0.0104375
0.0104412
0.0104448
0.010449
0.0104532
0.0104573
0.0104616
0.0104663
0.0104719
0.0104775
0.0104815
0.0104841
0.0104855
0.0104866
0.0104869
0.0104861
0.0104854
0.0104844
0.0104831
0.0104821
0.0104805
0.0104791
0.0104774
0.0104751
0.0104729
0.010471
0.0104697
0.010469
0.0104689
0.0104697
0.0104711
0.0104731
0.0104752
0.0104773
0.0104796
0.0104822
0.0104851
0.0104881
0.0104913
0.0104951
0.010497
0.0104983
0.0105001
0.010502
0.0105042
0.0105064
0.010509
0.010512
0.0105158
0.01052
0.0105248
0.0105302
0.0105375
0.0105468
0.0105593
0.0105685
0.0105748
0.0105814
0.010588
0.0105946
0.0105987
0.010603
0.0106078
0.010613
0.0106183
0.0106243
0.0106308
0.0106378
0.0106447
0.0106517
0.0106586
0.0106656
0.0106727
0.0106801
0.0106878
0.0106955
0.0107033
0.0107109
0.0107184
0.010726
0.0107343
0.0107425
0.0107504
0.0107578
0.010765
0.0107708
0.010777
0.0107835
0.0107904
0.0107967
0.0108042
0.010812
0.01082
0.0108278
0.0108357
0.0108434
0.0108508
0.0108586
0.0108662
0.0108729
0.0108781
0.0108832
0.0108883
0.0108937
0.0108991
0.0109045
0.01091
0.0109157
0.010921
0.010926
0.010931
0.0109355
0.0109387
0.010942
0.0109453
0.0109488
0.0109524
0.010956
0.0109597
0.0109634
0.0109673
0.0109713
0.0109754
0.0109796
0.0109839
0.0109885
0.0109931
0.0109981
0.011003
0.0110078
0.0110131
0.0110185
0.0110232
0.0110279
0.011032
0.0110356
0.0110387
0.0110421
0.0110458
0.0110497
0.0110534
0.0110575
0.0110616
0.0110663
0.0110712
0.0110754
0.0110794
0.0110835
0.0110882
0.0110932
0.0110984
0.0111012
0.0111033
0.0111057
0.0111075
0.0111096
0.0111122
0.0111149
0.0111177
0.0111199
0.0111206
0.0111206
0.0111208
0.011121
0.011121
0.0111207
0.0111201
0.0111173
0.0111144
0.0111115
0.011109
0.0111066
0.0111044
0.011102
0.0111
0.0110979
0.0110957
0.0110928
0.0110892
0.0110854
0.0110816
0.0110774
0.0110728
0.0110672
0.0110613
0.0110548
0.0110477
0.0110403
0.0110327
0.0110247
0.0110164
0.0110087
0.0110008
0.0109932
0.0109854
0.0109779
0.0109706
0.0109629
0.0109552
0.0109482
0.0109416
0.0109345
0.0109275
0.010921
0.0109145
0.010908
0.0109017
0.0108952
0.0108891
0.0108829
0.0108768
0.0108702
0.0108638
0.0108577
0.0108513
0.0108449
0.0108378
0.01083
0.0108223
0.0108146
0.0108067
0.0107986
0.01079
0.0107812
0.0107718
0.0107613
0.01075
0.010739
0.0107269
0.0107147
0.0107031
0.0106918
0.0106806
0.0106696
0.010659
0.0106485
0.0106381
0.0106283
0.0106192
0.0106106
0.0106026
0.0105951
0.0105883
0.0105819
0.0105759
0.0105702
0.010565
0.0105604
0.0105565
0.0105529
0.0105498
0.0105473
0.0105451
0.0105435
0.0105423
0.0105416
0.0105413
0.0105419
0.0105433
0.0105448
0.0105469
0.0105496
0.0105529
0.0105568
0.0105611
0.0105637
0.0105609
0.0105614
0.010564
0.0105669
0.0105702
0.0105743
0.010577
0.0105798
0.0105828
0.0105862
0.0105899
0.010594
0.0105981
0.0106028
0.0106075
0.0106117
0.0106157
0.0106194
0.0106231
0.0106269
0.0106305
0.0106347
0.0106392
0.010645
0.0106512
0.010658
0.0106647
0.0106717
0.010679
0.0106862
0.0106932
0.0107001
0.010706
0.0107117
0.0107174
0.0107229
0.0107283
0.0107335
0.0107385
0.0107424
0.0107461
0.0107498
0.0107541
0.0107585
0.0107633
0.0107684
0.0107745
0.0107805
0.0107858
0.0107911
0.0107952
0.0107996
0.0108043
0.010809
0.0108136
0.010818
0.0108222
0.0108262
0.0108297
0.0108331
0.0108364
0.0108398
0.0108434
0.0108464
0.01085
0.0108535
0.0108565
0.0108591
0.0108614
0.0108636
0.0108651
0.0108663
0.0108673
0.0108681
0.0108675
0.0108655
0.0108625
0.0108595
0.0108566
0.0108536
0.0108502
0.0108472
0.0108441
0.0108408
0.0108374
0.0108344
0.0108319
0.0108295
0.010827
0.0108246
0.010822
0.0108191
0.0108162
0.0108135
0.0108107
0.0108078
0.0108046
0.0108015
0.0107985
0.0107957
0.0107927
0.0107897
0.0107869
0.0107842
0.010781
0.0107776
0.0107735
0.0107689
0.0107647
0.0107608
0.0107578
0.0107555
0.0107545
0.0107542
0.0107548
0.0107561
0.010758
0.0107602
0.010763
0.0107668
0.0107713
0.0107767
0.0107825
0.0107887
0.0107958
0.0108037
0.0108117
0.0108195
0.0108272
0.0108349
0.0108426
0.0108501
0.0108576
0.0108651
0.0108715
0.0108774
0.0108835
0.0108896
0.0108958
0.0109021
0.0109085
0.0109151
0.0109224
0.0109299
0.0109372
0.0109444
0.010951
0.0109573
0.0109635
0.0109692
0.0109745
0.0109793
0.0109842
0.0109888
0.0109932
0.0109967
0.010999
0.0110002
0.0110012
0.0110019
0.0110024
0.0110029
0.0110031
0.0110035
0.011004
0.0110046
0.0110051
0.0110056
0.0110062
0.0110068
0.0110073
0.0110069
0.0110064
0.0110058
0.0110051
0.0110043
0.0110034
0.0110024
0.0110013
0.0110001
0.0109991
0.0109983
0.0109975
0.0109969
0.0109963
0.0109955
0.0109951
0.0109951
0.0109951
0.0109949
0.0109946
0.0109944
0.0109942
0.0109942
0.010994
0.010994
0.0109939
0.0109939
0.0109941
0.0109946
0.0109952
0.010995
0.0109949
0.010995
0.0109955
0.0109962
0.0109973
0.0109989
0.0110007
0.0110031
0.0110062
0.0110096
0.0110133
0.0110173
0.0110216
0.0110256
0.0110295
0.0110337
0.011038
0.0110423
0.0110466
0.0110505
0.0110544
0.0110587
0.0110627
0.011067
0.0110709
0.0110745
0.0110781
0.0110809
0.0110837
0.0110862
0.0110886
0.0110909
0.0110928
0.0110947
0.011097
0.0110991
0.0111007
0.0111022
0.0111038
0.0111049
0.0111068
0.0111097
0.0111143
0.0111207
0.0111287
0.0111376
0.0111463
0.0111555
0.0111634
0.01117
0.0111759
0.0111812
0.0111864
0.0111916
0.0111964
0.0112013
0.0112063
0.0112113
0.0112163
0.0112215
0.0112266
0.0112318
0.0112367
0.0112418
0.0112465
0.0112514
0.0112565
0.0112619
0.0112677
0.0112731
0.0112783
0.0112834
0.0112885
0.0112937
0.011299
0.0113047
0.0113108
0.0113165
0.0113223
0.0113282
0.0113341
0.0113398
0.0113453
0.0113499
0.0113536
0.0113571
0.0113602
0.0113637
0.0113679
0.0113732
0.0113787
0.0113843
0.0113896
0.0113932
0.0113968
0.0113999
0.0114029
0.0114059
0.0114091
0.0114172
0.0114264
0.0114353
0.0114434
0.0114495
0.0114552
0.0114622
0.0114696
0.0114772
0.0114861
0.0114966
0.0115089
0.0115223
0.0115357
0.0115488
0.0115612
0.0115727
0.0115837
0.0115943
0.0116045
0.0116144
0.0116246
0.0116352
0.0116465
0.0116583
0.0116701
0.0116822
0.0116948
0.0117073
0.0117197
0.0117315
0.0117428
0.0117538
0.0117643
0.0117748
0.0117857
0.0117972
0.0118095
0.0118223
0.0118353
0.011848
0.0118603
0.011872
0.0118829
0.0118928
0.0119014
0.0119088
0.0119136
0.0119178
0.0119221
0.0119287
0.0119378
0.0119486
0.011959
0.0119677
0.0119743
0.0119803
0.0119877
0.0119982
0.0120115
0.0120264
0.0120422
0.0120566
0.0120686
0.0120772
0.0120802
0.0120775
0.0120843
0.0120948
0.0121078
0.0121224
0.01214
0.0121569
0.0121687
0.0121763
0.0121794
0.0121805
0.012181
0.0121835
0.0121903
0.0122002
0.0122126
0.0122255
0.0122375
0.0122435
0.0122426
0.0122467
0.0122508
0.0122537
0.0122551
0.0122583
0.0122636
0.0122732
0.0122827
0.0122894
0.012295
0.0122983
0.0123003
0.0123014
0.0123025
0.0123047
0.0123077
0.0123114
0.0123151
0.0123179
0.0123197
0.0123216
0.0123228
0.0123234
0.0123233
0.012323
0.0123238
0.0123266
0.0123327
0.0123415
0.012353
0.0123662
0.0123797
0.0123928
0.0124062
0.0124186
0.0124305
0.0124406
0.012451
0.0124609
0.012469
0.0124743
0.0124778
0.0124798
0.0124809
0.0124817
0.0124815
0.0124809
0.0124816
0.0124826
0.0124834
0.0124837
0.0124841
0.0124847
0.0124854
0.0124859
0.012486
0.0124862
0.0124858
0.0124842
0.0124829
0.0124817
0.0124797
0.0124759
0.0124696
0.0124597
0.012452
0.0124483
0.0124464
0.0124455
0.0124445
0.0124426
0.0124397
0.0124371
0.0124339
0.0124287
0.0124224
0.0124167
0.0124117
0.012407
0.0124013
0.0123943
0.0123861
0.0123767
0.0123652
0.0123496
0.0123378
0.0123276
0.0123179
0.0123088
0.0123001
0.0122923
0.0122843
0.0122752
0.0122664
0.0122578
0.0122493
0.0122412
0.0122338
0.0122269
0.0122199
0.0122127
0.0122047
0.0121954
0.012185
0.0121729
0.0121585
0.0121499
0.0121437
0.0121389
0.012134
0.0121297
0.0121262
0.0121233
0.0121207
0.0121193
0.0121187
0.0121185
0.0121189
0.012119
0.0121193
0.0121199
0.0121204
0.0121213
0.0121215
0.0121211
0.0121246
0.0121303
0.012136
0.0121415
0.0121471
0.0121525
0.0121582
0.0121644
0.012171
0.0121779
0.0121852
0.0121929
0.0122009
0.0122088
0.0122166
0.0122241
0.0122313
0.012238
0.0122445
0.0122509
0.0122569
0.0122629
0.0122684
0.0122733
0.0122781
0.0122831
0.0122881
0.0122933
0.0122981
0.0123014
0.0123047
0.0123074
0.0123097
0.0123117
0.012313
0.0123137
0.012314
0.0123135
0.0123129
0.0123118
0.0123107
0.0123093
0.0123052
0.0123007
0.012295
0.0122885
0.0122814
0.0122739
0.0122658
0.012257
0.0122478
0.0122381
0.0122282
0.0122173
0.0122063
0.0121954
0.0121847
0.0121742
0.0121638
0.0121538
0.0121443
0.0121355
0.012127
0.0121184
0.0121094
0.0121001
0.0120911
0.0120824
0.0120741
0.0120661
0.0120586
0.0120511
0.0120429
0.012035
0.0120267
0.0120186
0.0120112
0.012004
0.0119976
0.0119916
0.0119863
0.0119818
0.0119785
0.0119759
0.0119737
0.0119722
0.0119715
0.0119712
0.0119719
0.0119738
0.0119773
0.0119809
0.0119828
0.0119847
0.0119874
0.0119908
0.0119943
0.0119988
0.0120049
0.0120117
0.0120183
0.0120247
0.0120287
0.0120323
0.0120362
0.0120402
0.0120442
0.0120483
0.0120527
0.0120577
0.0120627
0.0120678
0.0120726
0.0120774
0.0120821
0.0120867
0.0120913
0.0120962
0.0121011
0.0121059
0.0121104
0.0121142
0.0121184
0.0121225
0.0121261
0.0121301
0.0121341
0.0121385
0.0121436
0.0121492
0.0121554
0.0121622
0.0121696
0.0121775
0.0121857
0.0121944
0.0122038
0.0122138
0.0122241
0.0122344
0.0122444
0.0122533
0.0122621
0.0122712
0.01228
0.0122887
0.0122973
0.0123062
0.0123152
0.0123238
0.0123325
0.0123411
0.0123497
0.0123582
0.0123666
0.0123751
0.0123836
0.0123923
0.0124014
0.0124108
0.0124208
0.0124302
0.0124396
0.0124486
0.012458
0.0124681
0.0124793
0.0124912
0.0125029
0.012514
0.0125251
0.0125363
0.0125481
0.0125595
0.0125709
0.0125816
0.0125921
0.0126019
0.0126114
0.0126201
0.0126284
0.012636
0.0126432
0.0126502
0.0126568
0.0126626
0.0126676
0.0126713
0.0126741
0.0126757
0.0126771
0.0126779
0.0126785
0.0126792
0.01268
0.0126807
0.0126812
0.012681
0.0126798
0.0126772
0.0126742
0.0126713
0.0126676
0.0126634
0.0126595
0.0126553
0.0126514
0.0126467
0.0126422
0.0126384
0.0126342
0.0126298
0.012625
0.0126206
0.0126169
0.0126139
0.0126109
0.0126081
0.0126047
0.0126025
0.012601
0.0126002
0.0126002
0.0126003
0.0126009
0.012602
0.0126037
0.0126059
0.0126086
0.0126128
0.0126182
0.0126245
0.0126306
0.012637
0.0126435
0.01265
0.0126565
0.0126632
0.0126696
0.0126753
0.01268
0.0126833
0.012684
0.0126817
0.0126792
0.012676
0.0126723
0.0126676
0.012663
0.0126583
0.0126541
0.0126498
0.0126461
0.0126426
0.0126393
0.0126366
0.0126341
0.0126324
0.0126316
0.0126314
0.0126322
0.0126337
0.0126354
0.0126371
0.0126394
0.0126422
0.0126459
0.0126507
0.0126555
0.0126613
0.0126676
0.012674
0.012681
0.0126878
0.0126953
0.0127037
0.0127122
0.0127209
0.0127289
0.012737
0.0127449
0.0127533
0.0127623
0.0127717
0.0127819
0.0127927
0.0128032
0.0128146
0.012827
0.0128398
0.0128531
0.012867
0.0128827
0.0128998
0.012918
0.0129369
0.0129569
0.012978
0.0130002
0.0130233
0.0130471
0.013072
0.0130972
0.0131228
0.0131486
0.0131743
0.0132002
0.0132263
0.0132524
0.0132783
0.0133038
0.013329
0.0133538
0.013378
0.0134019
0.0134257
0.0134491
0.0134713
0.0134923
0.0135128
0.0135316
0.0135492
0.013565
0.0135796
0.0135931
0.0136048
0.013615
0.0136237
0.013629
0.0136336
0.0136368
0.0136388
0.0136389
0.0136384
0.013637
0.0136348
0.013632
0.0136285
0.0136249
0.013621
0.0136167
0.0136115
0.013606
0.0135999
0.0135927
0.013585
0.0135766
0.013568
0.0135592
0.0135493
0.0135391
0.0135295
0.0135197
0.0135099
0.0134999
0.0134903
0.013482
0.0134742
0.0134667
0.0134588
0.0134519
0.0134459
0.0134418
0.0134388
0.0134366
0.0134354
0.013435
0.0134368
0.0134408
0.0134464
0.0134543
0.013464
0.0134755
0.0134879
0.0135021
0.0135171
0.0135324
0.013548
0.0135637
0.0135788
0.0135927
0.0136063
0.0136199
0.0136333
0.0136464
0.0136587
0.0136709
0.0136818
0.0136907
0.0136994
0.0137075
0.0137162
0.0137256
0.0137343
0.0137419
0.013749
0.0137551
0.0137606
0.0137656
0.0137699
0.0137733
0.0137759
0.0137772
0.013777
0.0137757
0.0137736
0.0137704
0.0137664
0.0137619
0.0137569
0.0137512
0.0137444
0.0137364
0.0137279
0.0137191
0.0137096
0.0137003
0.0136914
0.0136817
0.0136718
0.0136618
0.0136515
0.0136406
0.01363
0.0136197
0.0136097
0.0136007
0.0135926
0.0135847
0.0135776
0.013571
0.0135641
0.0135572
0.0135514
0.0135466
0.0135428
0.0135403
0.0135388
0.0135379
0.0135379
0.0135386
0.0135404
0.013543
0.0135468
0.0135516
0.0135774
0.0135693
0.0135713
0.0135786
0.0135855
0.0135892
0.0136315
0.0136074
0.013597
0.0135961
0.0135952
0.0136061
0.0135887
0.0135866
0.0135791
0.0135752
0.0135602
0.0135737
0.0135415
0.0135278
0.0135315
0.013515
0.0135451
0.0135219
0.0135105
0.0135099
0.0134899
0.0134917
0.0134491
0.0134327
0.0134602
0.0134315
0.0134272
0.0134338
0.0134235
0.0134634
0.0134312
0.0134187
0.01341
0.0134287
0.0133905
0.013386
0.0134079
0.0133714
0.0133672
0.0133824
0.0133518
0.0133481
0.0133674
0.0133286
0.013318
0.0133222
0.0132836
0.0132866
0.0132633
0.0133019
0.0132542
0.01324
0.0132438
0.0132647
0.0132376
0.0132405
0.0132235
0.0132795
0.0132268
0.0132021
0.0132025
0.0132523
0.0132192
0.0132837
0.0132976
0.0132777
0.0133014
0.0132758
0.0132618
0.0132613
0.0132856
0.0132699
0.0132802
0.0133015
0.0133058
0.0133094
0.0133213
0.0133548
0.0133681
0.0133608
0.0133738
0.013396
0.0134272
0.0134742
0.0135214
0.0135676
0.0136405
0.0137187
0.0138001
0.0138863
0.0139845
0.0140861
0.0142135
0.0143795
0.0145414
0.0147734
0.0150104
0.0153524
0.0157632
0.0160456
0.0165522
0.0169501
0.0175857
0.0179377
0.0184932
0.0188998
0.0190082
0.0193351
0.0190937
0.0186797
0.0182514
0.0177254
0.0173057
0.0169617
0.0166708
0.0164285
0.0161997
0.0159844
0.0159693
0.016295
0.0166708
0.0168798
0.0170698
0.0170835
0.0169277
0.0166569
0.0163639
0.0161062
0.0159361
0.0157388
0.0152888
0.0149557
0.0146472
0.0143502
0.0141012
0.0138971
0.0137232
0.0135775
0.0134377
0.0133396
0.0132808
0.0132325
0.0131825
0.0131404
0.0131029
0.0130586
0.0130148
0.0129653
0.0129221
0.0128812
0.0128452
0.0128203
0.0127984
0.0127746
0.0127376
0.0127098
0.0126679
0.0126111
0.0125619
0.0125133
0.0124642
0.0124172
0.0123733
0.0123327
0.0122991
0.012272
0.0122452
0.0122219
0.0122032
0.0121829
0.0121522
0.012119
0.0120852
0.012062
0.0120478
0.0120408
0.0120411
0.0120322
0.0120066
0.01197
0.0119429
0.0119213
0.0119016
0.0118797
0.0118644
0.0118451
0.0118238
0.0118004
0.0117736
0.0117331
0.0116836
0.011625
0.0115603
0.0115001
0.0114352
0.0113775
0.011327
0.0112837
0.0112452
0.0112092
0.0111803
0.011133
0.0110973
0.0110641
0.0110346
0.0110068
0.0109835
0.0109633
0.0109451
0.01093
0.0109182
0.0109075
0.0108973
0.0108909
0.0108872
0.0108867
0.0108879
0.0108908
0.010895
0.0108985
0.0109008
0.0109019
0.0109023
0.0109028
0.0109035
0.0109047
0.0109078
0.0109134
0.01092
0.0109271
0.0109343
0.0109397
0.0109427
0.0109417
0.0109375
0.0109313
0.0109244
0.0109179
0.0109155
0.0109165
0.0109226
0.010912
0.0109151
0.0109135
0.0109118
0.0109147
0.0109201
0.0109276
0.0109361
0.0109436
0.0109501
0.010954
0.0109552
0.0109549
0.0109538
0.0109517
0.0109479
0.0109446
0.0109444
0.0109493
0.0109629
0.0109658
0.0109191
0.0109156
0.0109136
0.0109079
0.010899
0.0108868
0.0108704
0.0108513
0.0108309
0.0108096
0.0107877
0.010766
0.0107447
0.0107233
0.0107011
0.0106778
0.0106533
0.0106274
0.0106002
0.010572
0.0105437
0.0105152
0.0104867
0.0104584
0.0104306
0.0104036
0.0103768
0.010351
0.0103262
0.0103025
0.0102793
0.0102572
0.0102363
0.0102164
0.0101971
0.0101787
0.0101616
0.0101462
0.0101325
0.0101205
0.0101099
0.0101005
0.0100925
0.0100859
0.0100804
0.0100764
0.0100738
0.0100725
0.0100721
0.0100727
0.0100745
0.0100777
0.0100826
0.010089
0.0100966
0.0101052
0.0101148
0.0101252
0.0101366
0.010149
0.0101624
0.0101762
0.0101902
0.0102035
0.0102166
0.0102291
0.0102414
0.0102534
0.0102647
0.0102753
0.0102857
0.0102951
0.0103038
0.0103121
0.0103199
0.0103269
0.0103332
0.0103393
0.0103455
0.0103513
0.0103569
0.010362
0.0103666
0.0103705
0.0103734
0.0103758
0.0103778
0.0103793
0.0103802
0.0103807
0.0103803
0.0103788
0.0103767
0.0103733
0.0103683
0.0103614
0.0103545
0.0103474
0.0103398
0.0103318
0.0103233
0.0103139
0.0103042
0.0102937
0.0102811
0.0102681
0.0102552
0.0102426
0.0102307
0.0102197
0.0102094
0.0101992
0.0101887
0.0101777
0.0101662
0.0101539
0.0101415
0.0101286
0.010115
0.0101015
0.0100868
0.0100742
0.0100583
0.0100429
0.0100325
0.0100169
0.0100016
0.0099976
0.00997934
0.00996243
0.00995474
0.00993776
0.00992239
0.00992254
0.00990369
0.00988714
0.00988812
0.0098706
0.00985445
0.00985776
0.00984118
0.00983459
0.00982671
0.00981232
0.0098187
0.00980504
0.00980156
0.00979871
0.00979276
0.00978972
0.00978429
0.00977885
0.00977253
0.0097664
0.00976151
0.00975452
0.00974888
0.00974017
0.0097343
0.0097245
0.00971873
0.00970779
0.00970124
0.00968854
0.00968108
0.00966687
0.00965884
0.00964323
0.00963447
0.00961709
0.00960807
0.00958948
0.00958029
0.0095612
0.00955204
0.00953268
0.00952338
0.0095044
0.00949559
0.00947693
0.00946747
0.00944839
0.0094392
0.00942147
0.0094131
0.00939662
0.00938876
0.00937321
0.00936583
0.00935153
0.00934503
0.00933168
0.00932617
0.00931469
0.00931051
0.00930034
0.00929601
0.00928674
0.0092826
0.00927504
0.00927143
0.00926547
0.00926177
0.009257
0.00925268
0.0092485
0.00924396
0.00924015
0.00923499
0.00923222
0.00922799
0.0092261
0.00922197
0.00922067
0.00921707
0.00921621
0.00921265
0.00921196
0.00920865
0.00920719
0.00920365
0.00920138
0.0091975
0.00919434
0.00919041
0.00918495
0.00917998
0.00917521
0.00917069
0.00916669
0.00916175
0.00915613
0.00915076
0.00914443
0.00913911
0.00913347
0.00912851
0.00912338
0.00911876
0.00911494
0.00911143
0.00910799
0.00910429
0.00910125
0.00909792
0.00909581
0.00909316
0.00909214
0.00908886
0.00908818
0.00908417
0.00908359
0.00907822
0.00907641
0.00906974
0.00906763
0.00906026
0.00906875
0.00905739
0.00904801
0.00904425
0.00904016
0.00903155
0.00902976
0.00902123
0.00901708
0.00900842
0.00900628
0.00899951
0.00899791
0.0089914
0.00898924
0.00900093
0.0089937
0.00898451
0.00897968
0.0089696
0.00896696
0.00896191
0.0089599
0.00895576
0.00895432
0.00895055
0.00894839
0.00894443
0.0089427
0.00893906
0.00893733
0.00893362
0.00893167
0.0089278
0.00892593
0.00892203
0.00892014
0.00891608
0.00891394
0.00890935
0.00890829
0.00890292
0.00890034
0.0088954
0.0088934
0.00888883
0.0088871
0.00888303
0.00888177
0.00887844
0.00887779
0.00887541
0.00887529
0.00887375
0.00887382
0.00887278
0.0088731
0.00887267
0.0088729
0.00887269
0.00887305
0.00887321
0.00888425
0.00888146
0.00887949
0.00887788
0.00887649
0.00887503
0.00887359
0.00887193
0.00886989
0.00886679
0.00886406
0.00886154
0.008859
0.00885628
0.00885337
0.00886624
0.00885827
0.00885185
0.00884644
0.00883919
0.00883507
0.0088306
0.00882587
0.00882095
0.00881713
0.00881109
0.00880504
0.00879894
0.008793
0.00879675
0.00878827
0.00878105
0.00877471
0.00876872
0.00876336
0.00875851
0.0087542
0.00875043
0.00874694
0.00874972
0.008745
0.00874079
0.00874021
0.00873603
0.00873607
0.00873237
0.00873036
0.00872869
0.00872918
0.00873021
0.00873005
0.00872757
0.00872783
0.00872661
0.00872683
0.00872524
0.00872496
0.00872301
0.00872283
0.00872072
0.00872024
0.00871771
0.00871698
0.00871424
0.00871343
0.00871047
0.00870898
0.00870518
0.00870254
0.0086978
0.00869442
0.00868935
0.00868562
0.00868034
0.00867627
0.00867067
0.00866631
0.00866051
0.00865588
0.00865007
0.00864554
0.00863986
0.0086354
0.00862973
0.00862528
0.00861969
0.00861549
0.00861079
0.00860636
0.00860049
0.00860413
0.00859478
0.00858771
0.00857995
0.00857564
0.00856822
0.00856293
0.00855654
0.00855207
0.00854648
0.00854228
0.00853719
0.00853323
0.00852857
0.00852501
0.00852061
0.00851725
0.00851263
0.00851042
0.00850663
0.00850498
0.00850149
0.00850007
0.00849722
0.00849605
0.00849283
0.00849143
0.00848855
0.00848686
0.00848348
0.00848154
0.0084785
0.00847636
0.0084731
0.00847124
0.00846884
0.00846659
0.00846291
0.00846053
0.00845795
0.00845478
0.00844934
0.00844629
0.00844438
0.00843945
0.00842994
0.00842618
0.00843051
0.00842269
0.00841005
0.00841263
0.00840691
0.00839513
0.00839988
0.00838931
0.00837581
0.0083758
0.00837217
0.00836128
0.00836707
0.0083574
0.00834592
0.00835202
0.00834452
0.00833383
0.00834056
0.00833205
0.00832153
0.00832888
0.00832088
0.00831071
0.00831829
0.00831059
0.00830074
0.0083087
0.00830147
0.00829255
0.00830128
0.00829471
0.0082859
0.00829435
0.00828778
0.00827982
0.00828947
0.00828389
0.00827654
0.00828666
0.00828172
0.00827529
0.00828616
0.00828203
0.00827617
0.00828758
0.00828417
0.00827915
0.00829124
0.00828845
0.00828396
0.00829652
0.00829418
0.00829028
0.00830362
0.00830243
0.00829956
0.00831366
0.00831327
0.00831082
0.00832495
0.00832459
0.00832173
0.008335
0.00833385
0.00833005
0.00834207
0.00833993
0.00833509
0.00834569
0.00834218
0.0083361
0.00834529
0.00834033
0.00833293
0.00834081
0.00833482
0.00832667
0.00833357
0.00832631
0.008317
0.00832277
0.00831468
0.00830443
0.00830913
0.00829998
0.00828868
0.00829249
0.00828253
0.00827065
0.00827394
0.00826319
0.00824982
0.00825118
0.00823923
0.00822491
0.0082253
0.00821287
0.00819809
0.00819911
0.00818744
0.00817332
0.00817503
0.00816428
0.00815092
0.00815296
0.00814275
0.00812987
0.00813241
0.0081228
0.00811038
0.00811329
0.00810381
0.00809142
0.00809422
0.0080848
0.00807243
0.00807508
0.00806536
0.00805307
0.00805568
0.00804598
0.00803362
0.00803597
0.0080253
0.00801229
0.00801423
0.00800319
0.00799012
0.00799237
0.00798168
0.00796906
0.0079717
0.00796147
0.0079493
0.00795209
0.00794248
0.00793126
0.00793524
0.00792633
0.0079158
0.00792025
0.0079125
0.00790217
0.00790399
0.00789924
0.00789041
0.00788843
0.00788755
0.00788746
0.00788523
0.00787884
0.00787799
0.00788166
0.0078808
0.00787562
0.0078763
0.00788094
0.00788196
0.0078792
0.00788205
0.00788855
0.00788981
0.00788768
0.0078914
0.00789894
0.00790098
0.00789979
0.00790321
0.00790929
0.00791011
0.00790835
0.00791299
0.00792179
0.00792409
0.00792259
0.00792732
0.00793695
0.0079382
0.00793472
0.00793753
0.00794592
0.00794615
0.00794052
0.00794049
0.00794346
0.00794426
0.00793923
0.00793836
0.00793917
0.00793457
0.00792565
0.00792272
0.00792583
0.00791869
0.00790655
0.0079008
0.00789767
0.00789458
0.00788787
0.00788234
0.00787451
0.00786834
0.00786211
0.00785466
0.00784435
0.00783731
0.00783316
0.00782411
0.00781019
0.0078021
0.00780232
0.00779192
0.00777545
0.00777236
0.00776415
0.00774846
0.00774291
0.0077357
0.00772364
0.00771656
0.00771564
0.00770688
0.00769364
0.00769565
0.00768183
0.00766755
0.00766139
0.00766261
0.0076543
0.00764138
0.00764569
0.00763558
0.00762474
0.0076316
0.00762285
0.00761305
0.00762137
0.00761389
0.00760527
0.00761497
0.00760893
0.00760164
0.00761222
0.00760727
0.00760059
0.00761165
0.00760723
0.00760103
0.00761262
0.00760845
0.00760234
0.00761374
0.00760906
0.00760248
0.00761337
0.00760804
0.00760061
0.00761059
0.00760578
0.00759634
0.00760458
0.00759736
0.00758787
0.00759574
0.0075873
0.00757693
0.00758409
0.00757511
0.00756419
0.00757089
0.00756153
0.00755033
0.00755682
0.00754734
0.00753598
0.00754235
0.00753295
0.00752158
0.00752792
0.00751849
0.0075072
0.00751366
0.00750439
0.00749312
0.00749964
0.0074904
0.00747904
0.00748547
0.007476
0.00746444
0.00747088
0.00746136
0.00744934
0.00745501
0.00744419
0.00743119
0.00743645
0.00742573
0.00741301
0.00741822
0.00740747
0.00739468
0.00739993
0.00738951
0.00737726
0.00738277
0.00737231
0.00736016
0.00736608
0.00735613
0.00734453
0.00735102
0.00734191
0.00733106
0.00733821
0.00732943
0.00731845
0.00732568
0.00731681
0.00730647
0.00731482
0.00730707
0.0072978
0.00730746
0.00730085
0.00729278
0.00730337
0.00729719
0.00728794
0.00729622
0.00729734
0.00728957
0.00730002
0.00729579
0.00729014
0.00730254
0.00729866
0.00729285
0.00730559
0.00730301
0.00729713
0.00731033
0.00730827
0.00730337
0.00731712
0.00731462
0.00730896
0.0073126
0.00732554
0.00732443
0.00731903
0.00733204
0.00733017
0.00732541
0.00733917
0.00733674
0.00733101
0.00733752
0.00734303
0.00733979
0.00735377
0.00735045
0.00734497
0.00734773
0.00735263
0.00736024
0.00736175
0.00735671
0.00736952
0.00736595
0.00736009
0.00737083
0.00737359
0.0073679
0.00738084
0.0073777
0.00737267
0.00737606
0.00738743
0.00738724
0.00738096
0.00738712
0.00739254
0.00738805
0.00739642
0.0074006
0.0073964
0.0074096
0.00740609
0.00740386
0.00740683
0.00740812
0.00741017
0.00740942
0.00741154
0.00741868
0.00741927
0.00741424
0.00742683
0.00742263
0.00742103
0.00742377
0.00742137
0.00742388
0.00743235
0.00743182
0.00742552
0.00743721
0.00743486
0.00743027
0.00743283
0.00743759
0.00743834
0.00743244
0.00744438
0.00744301
0.00743747
0.00744056
0.00744976
0.00744949
0.00744328
0.00744633
0.00745762
0.00745628
0.00745313
0.00745685
0.00746037
0.00746255
0.00745947
0.00746267
0.00747321
0.0074732
0.00746928
0.00747298
0.00748149
0.00748185
0.00747539
0.00747872
0.00748321
0.00748905
0.00749029
0.00748371
0.00749161
0.00749411
0.00748706
0.00748904
0.0074927
0.0074984
0.00749806
0.00749032
0.00749984
0.00749904
0.00748977
0.00749532
0.00749693
0.00748825
0.00749008
0.0074923
0.00749313
0.00749255
0.00748454
0.00748408
0.00748604
0.00749222
0.00748956
0.00748155
0.00748182
0.00748749
0.00748454
0.00747525
0.00747478
0.00748252
0.0074774
0.00747185
0.0074717
0.00746737
0.00746688
0.00746959
0.00746795
0.00745959
0.00746169
0.00746449
0.007466
0.00746678
0.0074613
0.00746326
0.00747389
0.00747248
0.00747067
0.00747481
0.00747751
0.00748127
0.00748341
0.00748769
0.00749333
0.0074975
0.00749804
0.0075034
0.00751375
0.00751697
0.00751423
0.00751998
0.00753337
0.00753496
0.0075359
0.00754168
0.00754458
0.00754926
0.00755333
0.00755707
0.00755906
0.0075627
0.00756635
0.00756881
0.00756907
0.00757161
0.00757509
0.00757591
0.00757396
0.00757504
0.00757763
0.00757681
0.00757293
0.00757284
0.00757444
0.00757213
0.00756643
0.00756487
0.00756519
0.00756159
0.00755481
0.00755258
0.00755215
0.00754829
0.00754105
0.00753838
0.00753754
0.0075328
0.00752469
0.00752144
0.00752068
0.00751588
0.00750764
0.00750483
0.0075045
0.00749961
0.00749148
0.00748898
0.00748893
0.00748507
0.00747765
0.00747566
0.00747563
0.00747262
0.0074668
0.00746569
0.00746577
0.00746359
0.00745926
0.00745849
0.00745833
0.00745717
0.0074548
0.00745481
0.0074546
0.00745467
0.00745351
0.00745431
0.00745413
0.00745453
0.00745388
0.00745516
0.00745609
0.00745774
0.00745792
0.00745966
0.00746112
0.00746322
0.00746438
0.00746721
0.00746959
0.00747255
0.00747438
0.007478
0.00748098
0.0074847
0.00748739
0.00749171
0.00749533
0.00750015
0.00750385
0.00750917
0.00751355
0.00751908
0.00752354
0.00752933
0.00753395
0.00753977
0.00754462
0.00755086
0.00755595
0.00756231
0.00756763
0.00757427
0.00757989
0.00758672
0.00759256
0.00759969
0.0076058
0.00761317
0.00761948
0.00762688
0.00763319
0.00764067
0.00764662
0.00765365
0.00765965
0.007667
0.00767328
0.00768081
0.00768705
0.00769475
0.00770138
0.00770935
0.00771617
0.00772426
0.00773109
0.00773929
0.00774653
0.00775488
0.00776204
0.00777021
0.00777726
0.0077852
0.00779189
0.00779892
0.00780448
0.00781106
0.00781641
0.00782258
0.00782754
0.00783345
0.007838
0.00784365
0.00784819
0.00785352
0.00785739
0.0078618
0.00786536
0.00786934
0.00787259
0.00787605
0.00787874
0.0078813
0.00788292
0.00788468
0.00788593
0.00788752
0.00788865
0.00788979
0.00789068
0.00789189
0.00789308
0.0078944
0.00789559
0.00789712
0.00789868
0.00790031
0.00790193
0.00790372
0.00790551
0.00790785
0.00791038
0.00791313
0.00791624
0.00791929
0.00792298
0.00792659
0.00793096
0.00793514
0.00794019
0.00794507
0.00795112
0.00795626
0.00796272
0.00796879
0.00797593
0.00798245
0.0079898
0.00799688
0.00800478
0.00801231
0.00802068
0.00802843
0.00803685
0.00804466
0.00805364
0.00806145
0.0080706
0.00807889
0.00808856
0.0080969
0.00810689
0.00811428
0.00812347
0.00813001
0.00813888
0.00814399
0.00815203
0.00815563
0.00816294
0.0081649
0.00817118
0.00817126
0.00817617
0.00817487
0.00817876
0.00817633
0.00817853
0.00817492
0.00817559
0.00817129
0.00817029
0.00816473
0.0081619
0.00815651
0.00815315
0.00814755
0.00814285
0.00813712
0.00813141
0.0081258
0.00811931
0.00811383
0.00810665
0.008101
0.00809286
0.00808645
0.00807734
0.00806949
0.00805974
0.00805142
0.00804205
0.0080336
0.00802468
0.00801567
0.00800718
0.00799832
0.0079907
0.00798204
0.00797556
0.00796746
0.00796172
0.00795386
0.00794868
0.00794148
0.00793757
0.00793155
0.0079282
0.00792328
0.00791921
0.00791534
0.00791447
0.0079117
0.00791174
0.00791094
0.00791111
0.00791224
0.00791575
0.00791806
0.00792181
0.00792606
0.00793202
0.00793745
0.00794407
0.00795108
0.0079592
0.00796731
0.00797646
0.00798557
0.00799561
0.00800536
0.00801561
0.00802486
0.00803379
0.00804281
0.00805221
0.00806089
0.00806995
0.00807837
0.00808693
0.00809489
0.00810282
0.00811071
0.00811828
0.00812742
0.00813646
0.00814627
0.00815371
0.0081614
0.00816653
0.00817304
0.00817679
0.00818143
0.00818322
0.00818938
0.00819235
0.00819838
0.00819794
0.00819951
0.00819708
0.00819862
0.00819635
0.00819757
0.00819486
0.00819531
0.00819194
0.00819177
0.00818848
0.00818646
0.00818347
0.00818168
0.00817912
0.00817647
0.00817418
0.00817108
0.00816924
0.00816593
0.00816437
0.00816081
0.00815957
0.00815571
0.00815515
0.00815073
0.00815031
0.0081461
0.00814656
0.00814315
0.00814461
0.00814165
0.00814373
0.00814104
0.00814481
0.00814408
0.00814825
0.00815016
0.00815489
0.00815684
0.00816444
0.00816964
0.00817971
0.00818519
0.00819617
0.00819972
0.00820989
0.00821081
0.00822055
0.0082204
0.00823081
0.00823147
0.00824275
0.00824555
0.00825779
0.00826333
0.00827582
0.00828392
0.008297
0.00830894
0.00832508
0.0083412
0.00835833
0.00837324
0.00838779
0.00840038
0.00841402
0.00842617
0.00843999
0.00845191
0.00846576
0.00847811
0.00849105
0.00850436
0.00851506
0.00852681
0.00853338
0.00854331
0.00854864
0.00856017
0.00856993
0.00858461
0.00859515
0.0086082
0.0086141
0.0086242
0.00862816
0.00863693
0.0086414
0.00865013
0.00865601
0.00866598
0.00867337
0.00868633
0.00869425
0.00870595
0.00870943
0.00871868
0.00871728
0.00873277
0.00874083
0.00876211
0.00877537
0.00879259
0.00879902
0.00880728
0.00881024
0.00881513
0.00881876
0.00882446
0.00883007
0.00883762
0.00884709
0.00886004
0.00887723
0.00890222
0.00887304
0.0088824
0.00889231
0.00890739
0.00891942
0.00893373
0.00894733
0.00896103
0.00897399
0.00898377
0.00899722
0.00900213
0.00901461
0.0090169
0.00903124
0.00903683
0.00905871
0.00908863
0.00913332
0.00906886
0.00909705
0.009101
0.00910276
0.00912989
0.00913352
0.0091469
0.00915956
0.00917475
0.00918795
0.00920668
0.00922156
0.00924328
0.00926003
0.00928544
0.0093059
0.00933869
0.00936933
0.00942994
0.00941839
0.00945653
0.00947721
0.00950689
0.00952939
0.00956847
0.00959557
0.00962698
0.00966379
0.0096926
0.0097293
0.00976342
0.00980394
0.00983799
0.00987481
0.00990619
0.00995832
0.00998203
0.00998858
0.0100211
0.0101219
0.010123
0.0100909
0.0101957
0.0102133
0.0101716
0.0102994
0.0103223
0.010252
0.0103544
0.0103863
0.0103559
0.0104674
0.0104812
0.0103831
0.0105095
0.0104977
0.0104446
0.0105203
0.0105324
0.0104852
0.0105989
0.0106157
0.010523
0.0106099
0.0106251
0.0106038
0.0106881
0.0107
0.0106463
0.010735
0.0107298
0.0106826
0.0107686
0.0107589
0.0107257
0.0108082
0.0108131
0.0107811
0.0108594
0.0108737
0.0108327
0.0109175
0.0109496
0.0109136
0.0110133
0.0110412
0.0110066
0.0110949
0.0111072
0.0111135
0.011181
0.0111896
0.011291
0.0112773
0.0113081
0.0114541
0.0114049
0.01144
0.0116647
0.0115051
0.0115597
0.0116067
0.0116284
0.0116669
0.0121366
0.0117369
0.0117528
0.0117015
0.01181
0.0118022
0.0123454
0.0118675
0.0120078
0.0119733
0.0126809
0.0119827
0.012077
0.0120177
0.0127106
0.012081
0.0121325
0.0120582
0.0127009
0.0120905
0.0121355
0.0120622
0.0124458
0.0120109
0.0120916
0.0120681
0.0122685
0.011998
0.0120756
0.0120698
0.0121524
0.0119871
0.0120509
0.012078
0.0120916
0.0120175
0.0120548
0.0120821
0.0120844
0.0120594
0.0120927
0.0121182
0.0121168
0.0121136
0.0121563
0.0122
0.0121912
0.0121876
0.0122095
0.0122586
0.0122546
0.0122705
0.0122973
0.0123029
0.0123311
0.0123283
0.012335
0.0123508
0.0123507
0.0123634
0.0123742
0.0123925
0.0123934
0.0124051
0.0124262
0.0124192
0.0124353
0.0124625
0.0124892
0.0125302
0.0125481
0.0125678
0.0125862
0.0126076
0.0126328
0.0126605
0.012693
0.0127264
0.0127616
0.0127926
0.0128304
0.0128595
0.0128847
0.0129088
0.0129483
0.0129727
0.0130173
0.0130461
0.0130762
0.0130921
0.0131128
0.013132
0.01315
0.0131617
0.0131717
0.0131791
0.013185
0.0131868
0.0131933
0.013188
0.0131861
0.0131853
0.013197
0.0132043
0.0132213
0.0132324
0.0132433
0.0132532
0.0132677
0.0132873
0.0133114
0.0133417
0.0133775
0.0134151
0.0134593
0.0135098
0.0135647
0.013592
0.0136501
0.0137112
0.013776
0.0138441
0.0139099
0.0139688
0.014021
0.0140695
0.0141162
0.0141625
0.0142084
0.0142539
0.0142991
0.0143491
0.0144049
0.0144702
0.0144656
0.0144937
0.0145224
0.0145531
0.0145884
0.0146266
0.0146696
0.0147117
0.0147517
0.0147913
0.0148347
0.0148834
0.0149389
0.0149985
0.0150634
0.0151363
0.0152217
0.0153267
0.0153665
0.0154349
0.0155117
0.0155888
0.0156818
0.0157721
0.0158656
0.0159592
0.0160502
0.016139
0.0162232
0.0162981
0.0163663
0.0164272
0.0164817
0.0165282
0.0165721
0.0166183
0.016663
0.0166279
0.0166384
0.0166316
0.0166217
0.0166107
0.0165962
0.0165812
0.0165623
0.0165385
0.0165098
0.0164824
0.0164588
0.016437
0.0164237
0.0164202
0.0164274
0.0164489
0.0164881
0.0165517
0.0165361
0.0165933
0.0166473
0.01671
0.0167828
0.0168621
0.0169451
0.0170249
0.0170977
0.0171646
0.0172248
0.0172805
0.0173282
0.0173718
0.0174114
0.0174429
0.0174708
0.0174965
0.0175225
0.0174978
0.0174645
0.0174419
0.017408
0.017381
0.0173642
0.0173482
0.0173288
0.0173105
0.0173025
0.0173093
0.0173311
0.0173693
0.017424
0.0174951
0.0175828
0.0176862
0.0178049
0.0179354
0.018071
0.0181883
0.0183344
0.0184741
0.0186191
0.0187686
0.0189103
0.0190413
0.0191665
0.0192934
0.019411
0.0195217
0.0196081
0.0197057
0.0198153
0.0199346
0.0200662
0.0202121
0.0203462
0.020497
0.020672
0.020856
0.0210573
0.0212758
0.0214927
0.0216975
0.0218837
0.0220443
0.0221718
0.0222629
0.0223208
0.0223408
0.0223328
0.0222973
0.022253
0.0222148
0.0221819
0.0221327
0.0221453
0.0221633
0.0222282
0.0223502
0.0225315
0.0227766
0.0230736
0.02341
0.0237746
0.0241447
0.0244743
0.0247632
0.0250167
0.0252277
0.0254087
0.0255802
0.0256819
0.0257589
0.0258521
0.0259191
0.0259886
0.0260467
0.0260863
0.0261375
0.0261852
0.0262239
0.0262609
0.0263071
0.0263756
0.0264678
0.0265831
0.0267132
0.0268895
0.0270736
0.0272828
0.0275029
0.0277085
0.0278879
0.0280337
0.0281487
0.0282446
0.0283507
0.0284691
0.0285999
0.0287528
0.0289255
0.0290995
0.0292527
0.0293676
0.029421
0.0294424
0.0294867
0.0295778
0.0297224
0.0299124
0.0301552
0.0304248
0.0306926
0.0309409
0.0311636
0.0313612
0.0315582
0.0318084
0.03207
0.0324501
0.0329676
0.0336103
0.0343505
0.0351411
0.0359151
0.0366067
0.0371863
0.037686
0.0381112
0.038524
0.0389606
0.039413
0.0398458
0.0401747
0.0403655
0.0404316
0.0403643
0.0402022
0.0400713
0.0400012
0.0400524
0.0402299
0.0405769
0.0411178
0.04187
0.0428609
0.043972
0.0452188
0.0461181
0.0466973
0.0468139
0.0467226
0.0465761
0.0465455
0.0464202
0.0460066
0.0455329
0.0455228
0.0462292
0.0467444
0.0472076
0.0476811
0.0479761
0.0482278
0.0484221
0.048462
0.0485157
0.0485132
0.048563
0.0485722
0.0481657
0.0477567
0.0470219
0.0461153
0.0452501
0.0443864
0.0438589
0.0431165
0.0419532
0.0405761
0.0391278
0.0377502
0.0368752
0.0356149
0.0345495
0.033594
0.0330618
0.0327484
0.0326397
0.032591
0.0325157
0.0326062
0.0329004
0.0330788
0.0330159
0.0329652
0.0329561
0.0330382
0.0332184
0.0335828
0.0340236
0.0344203
0.0347773
0.0350492
0.0352717
0.0355008
0.0357166
0.0359641
0.0362324
0.0365339
0.0370717
0.0379455
0.038525
0.038366
0.0384874
0.0384977
0.0381109
0.0374298
0.0367186
0.0362995
0.0360778
0.0359855
0.0359438
0.0360836
0.0362537
0.0364627
0.0362865
0.0361837
0.0359913
0.035864
0.0357772
0.0354691
0.0353
0.0345629
0.0341454
0.0330849
0.032814
0.0318149
0.0316752
0.0310161
0.0316194
0.0316804
0.0323718
0.0343572
0.0355925
0.0363625
0.0369603
