0.00169071 93532.7
0.000836753 92680.8
0.000566498 87240.7
0.000924318 78941.2
0.0789121 30568.5
0.0783957 32107.7
0.0778399 35151.9
0.0772563 40149.4
0.076654 45631.1
0.0760361 52522.7
0.0753841 56496.4
0.0746724 58937.2
0.0738888 60168.8
0.0730275 61809.9
0.0720837 63306.8
0.0710501 65106.7
0.0699189 66729.7
0.0686829 68214.3
0.0673349 69775.9
0.0658683 71460.8
0.0642777 72611.6
0.0625596 74324.3
0.0607132 75493.1
0.0587418 76946.2
0.0566532 78340
0.0544598 79664.2
0.0521706 81210.7
0.0497859 82517
0.0473114 83893.6
0.0447662 84823.6
0.0421746 85672.9
0.0395573 86575.3
0.0369303 87346.9
0.0343115 88064.7
0.0317217 88559.5
0.0291853 89073.5
0.0267266 89549.7
0.0243579 89925.5
0.0220897 90214.2
0.0199361 90516.8
0.0179042 90831.8
0.0159973 91108.7
0.0142163 91396.7
0.0125603 91603.1
0.0110273 91827.7
0.00961373 92065.3
0.00831527 92250.3
0.0071269 92438.3
0.00604294 92576
0.00505724 92722.9
0.0041635 92780.1
0.00335543 93006.8
0.00262581 93134.8
0.0798536 47565.2
0.0799241 35348
0.0794786 20761
0.00159024 78703.5
0.00224772 80219.1
0.00299944 80215.2
0.00384261 79491.9
0.00479294 78376
0.00586909 76970.9
0.00708625 76063.5
0.00845585 74561.2
0.00998955 73785
0.011698 71920.4
0.0135848 71197.7
0.0156466 71638.4
0.0178778 69905
0.020269 69081.8
0.0228034 67832.9
0.0254624 67698.3
0.0282228 64971
0.0310504 64342
0.0338981 60466.4
0.0367343 60138.6
0.039531 56477.1
0.0422382 54927.2
0.0448257 52721.5
0.0472881 52160.7
0.0495832 46021.8
0.0516717 42068.6
0.0536395 43536.3
0.055572 46935
0.0574655 47853.7
0.0593081 46352.5
0.0610897 43920.4
0.0628014 39536.8
0.0644362 39055.1
0.0659883 34377.2
0.0674544 32418
0.068832 34243.2
0.0701169 54084
0.0713108 47411.9
0.0724218 50235.7
0.0734507 50796.8
0.0743941 49493.2
0.0752576 51382.7
0.076051 54013.9
0.0767768 52049.6
0.0774304 49127.4
0.0780094 46152.5
0.0785247 53590.3
0.0789971 59040.6
0.0794414 57610.5
