0.052633
0.0508708
0.0491045
0.047334
0.0455674
0.0438345
0.0421572
0.0405489
0.0390199
0.0375782
0.0362261
0.0349649
0.033794
0.0327101
0.0317111
0.030789
0.0299404
0.0291594
0.0284437
0.0277859
0.0271785
0.0266176
0.0260978
0.0256141
0.0251655
0.0247485
0.0243622
0.024005
0.023675
0.0233706
0.0230904
0.0228313
0.0225916
0.0223697
0.0221638
0.0219724
0.0217942
0.0216276
0.0214711
0.0213234
0.0211824
0.0210478
0.0209182
0.0207933
0.0206727
0.0205555
0.0204424
0.0203333
0.0202264
0.0201195
0.0200124
0.0199054
0.0197988
0.0196934
0.0195883
0.019483
0.0193791
0.0192755
0.0191735
0.0190735
0.0189754
0.0188796
0.018786
0.018694
0.0186035
0.0185139
0.0184262
0.0183399
0.0182553
0.0181726
0.0180926
0.0180155
0.0179406
0.0178682
0.0177977
0.0177284
0.0176609
0.0175954
0.0175315
0.0174697
0.0174102
0.0173529
0.0172977
0.0172444
0.0171934
0.0171447
0.0170979
0.0170533
0.017011
0.0169699
0.0169302
0.0168912
0.0168531
0.0168155
0.0167789
0.0167414
0.0167042
0.0166665
0.01663
0.0165945
0.0165598
0.016526
0.0164936
0.0164621
0.0164316
0.0164021
0.0163723
0.016343
0.016314
0.016284
0.0162541
0.016225
0.0161967
0.0161689
0.0161419
0.0161152
0.0160882
0.0160615
0.016035
0.0160085
0.0159825
0.0159574
0.0159329
0.0159082
0.0158836
0.0158595
0.0158356
0.0158124
0.0157899
0.0157678
0.0157464
0.0157258
0.0157061
0.015687
0.0156683
0.01565
0.0156329
0.0156167
0.0156014
0.0155861
0.0155707
0.0155567
0.0155439
0.0155322
0.0155216
0.0155117
0.0155026
0.015494
0.0154855
0.0154775
0.0154701
0.0154635
0.0154577
0.0154521
0.0154466
0.0154411
0.0154356
0.0154295
0.0154239
0.0154177
0.0154114
0.0154049
0.0153981
0.0153911
0.0153872
0.0153802
0.0153698
0.0153641
0.0153516
0.0153421
0.0153359
0.0153223
0.0153152
0.0153012
0.0152943
0.0152803
0.015273
0.0152585
0.0152504
0.0152352
0.015226
0.0152101
0.0152001
0.0151836
0.0151729
0.0151561
0.0151418
0.0151303
0.0151125
0.0150968
0.0150836
0.0150646
0.0150479
0.0150312
0.0150146
0.0149979
0.0149839
0.0149652
0.0149487
0.014932
0.0149154
0.0148989
0.0148823
0.0148657
0.0148494
0.0148335
0.0148176
0.0148015
0.0147862
0.0147688
0.0147526
0.0147374
0.0147205
0.0147045
0.0146887
0.0146731
0.0146582
0.0146423
0.0146269
0.014611
0.0145949
0.0145789
0.0145628
0.0145466
0.0145304
0.0145143
0.0144983
0.0144827
0.0144685
0.0144533
0.0144377
0.0144221
0.0144065
0.0143909
0.0143754
0.0143601
0.0143451
0.0143301
0.0143152
0.0143001
0.0142849
0.0142698
0.0142548
0.0142396
0.0142244
0.014209
0.0141932
0.0141778
0.0141627
0.0141476
0.0141321
0.0141165
0.0141006
0.0140849
0.0140694
0.0140543
0.0140397
0.0140253
0.014011
0.013997
0.013983
0.0139695
0.0139565
0.013944
0.0139318
0.0139198
0.0139083
0.0138969
0.0138856
0.0138742
0.0138627
0.0138518
0.0138411
0.0138305
0.0138197
0.013809
0.0137984
0.0137877
0.0137773
0.0137673
0.0137577
0.0137486
0.0137398
0.0137309
0.0137221
0.0137133
0.0137045
0.0136955
0.0136863
0.0136775
0.0136688
0.0136609
0.0136514
0.0136425
0.0136332
0.0136247
0.013615
0.0136061
0.0135976
0.0135895
0.0135814
0.0135737
0.013564
0.0135545
0.0135454
0.0135364
0.0135274
0.0135185
0.0135093
0.0135003
0.0134916
0.013483
0.0134745
0.0134657
0.013457
0.0134482
0.0134394
0.0134297
0.0134202
0.0134108
0.0134013
0.0133916
0.013382
0.0133727
0.0133637
0.0133549
0.0133461
0.0133372
0.0133284
0.0133194
0.0133106
0.0133019
0.0132935
0.0132854
0.0132772
0.0132691
0.0132612
0.0132532
0.0132452
0.0132373
0.0132295
0.0132217
0.0132142
0.0132066
0.0131989
0.0131912
0.0131834
0.0131757
0.0131681
0.0131607
0.0131532
0.0131458
0.013138
0.01313
0.0131218
0.0131136
0.0131052
0.0130968
0.0130884
0.01308
0.0130714
0.0130626
0.013054
0.0130454
0.0130374
0.013029
0.0130206
0.0130122
0.0130037
0.0129952
0.0129868
0.012978
0.0129684
0.0129593
0.0129507
0.0129417
0.0129328
0.012924
0.012916
0.0129072
0.0128984
0.0128897
0.0128809
0.0128723
0.0128638
0.0128549
0.0128458
0.0128369
0.0128277
0.0128181
0.0128088
0.0127995
0.0127904
0.0127816
0.012773
0.0127648
0.0127564
0.0127479
0.0127396
0.0127316
0.0127239
0.0127165
0.0127093
0.0127022
0.0126951
0.0126883
0.0126877
0.0126832
0.012669
0.0126651
0.0126621
0.012666
0.0126552
0.0126474
0.0126405
0.0126341
0.0126283
0.0126225
0.0126163
0.0126103
0.0126046
0.0125991
0.0125935
0.0125883
0.0125833
0.0125784
0.0125739
0.0125697
0.0125659
0.0125624
0.0125587
0.0125552
0.0125517
0.0125482
0.0125448
0.0125414
0.0125375
0.0125334
0.0125292
0.012525
0.0125205
0.0125162
0.012512
0.0125079
0.012504
0.0125001
0.0124964
0.0124929
0.0124894
0.0124859
0.0124821
0.0124785
0.0124748
0.0124708
0.0124667
0.0124626
0.0124585
0.0124544
0.0124503
0.0124464
0.0124425
0.0124385
0.0124349
0.0124314
0.012428
0.0124245
0.012421
0.0124178
0.0124147
0.0124118
0.012409
0.0124064
0.0124035
0.0124006
0.0123978
0.012395
0.012392
0.0123891
0.0123863
0.0123834
0.0123807
0.0123781
0.0123757
0.0123731
0.0123704
0.0123678
0.0123651
0.0123623
0.0123593
0.0123564
0.0123535
0.0123506
0.0123475
0.0123441
0.0123407
0.0123372
0.0123337
0.0123301
0.0123267
0.0123235
0.0123204
0.0123174
0.0123141
0.0123108
0.0123074
0.0123039
0.0123004
0.0122971
0.0122938
0.0122904
0.0122871
0.0122838
0.01228
0.0122758
0.0122717
0.0122677
0.0122637
0.0122597
0.0122557
0.0122517
0.0122478
0.0122438
0.0122397
0.012235
0.0122302
0.0122251
0.0122199
0.0122146
0.0122095
0.0122043
0.0121992
0.0121943
0.0121896
0.012185
0.0121804
0.0121758
0.012171
0.0121659
0.0121609
0.0121558
0.0121507
0.0121455
0.0121404
0.0121354
0.0121305
0.0121254
0.0121204
0.0121154
0.0121105
0.0121056
0.0121004
0.0120955
0.0120909
0.0120861
0.0120814
0.0120767
0.0120721
0.0120676
0.0120633
0.0120589
0.0120544
0.01205
0.0120455
0.012041
0.0120364
0.0120317
0.0120272
0.012023
0.0120183
0.0120135
0.0120088
0.0120043
0.0119999
0.0119955
0.011991
0.0119865
0.0119821
0.0119779
0.0119738
0.0119695
0.0119653
0.011961
0.0119568
0.0119525
0.0119481
0.0119436
0.0119391
0.0119345
0.01193
0.0119255
0.0119213
0.0119172
0.011913
0.0119088
0.0119047
0.0119007
0.0118967
0.0118928
0.0118891
0.0118852
0.0118811
0.0118771
0.0118732
0.0118693
0.0118656
0.011862
0.0118585
0.0118552
0.0118519
0.0118489
0.0118461
0.011843
0.0118391
0.0118362
0.0118335
0.0118311
0.0118289
0.0118266
0.0118244
0.0118224
0.0118204
0.0118182
0.0118161
0.0118141
0.0118121
0.0118102
0.0118084
0.0118068
0.011805
0.0118031
0.0118013
0.0117997
0.0117978
0.0117959
0.0117941
0.0117923
0.0117905
0.0117885
0.0117867
0.0117849
0.0117831
0.0117814
0.0117798
0.011778
0.011776
0.0117738
0.0117715
0.0117693
0.0117669
0.0117644
0.011762
0.0117594
0.0117566
0.0117537
0.0117507
0.0117474
0.0117437
0.0117397
0.0117356
0.0117315
0.0117272
0.0117227
0.0117179
0.0117129
0.0117078
0.0117027
0.0116976
0.0116924
0.0116872
0.0116819
0.0116766
0.0116714
0.0116663
0.011661
0.0116557
0.0116503
0.0116451
0.0116399
0.0116346
0.0116295
0.0116245
0.0116196
0.0116148
0.0116099
0.0116048
0.0115998
0.0115949
0.01159
0.0115852
0.0115805
0.0115759
0.0115714
0.0115669
0.0115625
0.0115584
0.0115543
0.0115501
0.0115459
0.0115418
0.0115379
0.0115338
0.0115298
0.0115261
0.0115226
0.0115185
0.0115143
0.0115104
0.0115066
0.0115031
0.0114998
0.0114964
0.0114928
0.0114893
0.0114857
0.011482
0.0114784
0.0114749
0.011471
0.0114673
0.0114637
0.0114601
0.0114565
0.0114532
0.0114499
0.0114466
0.0114434
0.0114402
0.011437
0.011434
0.0114311
0.0114283
0.0114255
0.0114227
0.0114201
0.0114175
0.0114148
0.0114122
0.0114095
0.0114068
0.0114042
0.0114018
0.0113994
0.0113969
0.0113946
0.0113923
0.0113901
0.0113877
0.0113853
0.0113828
0.0113803
0.0113777
0.0113749
0.011372
0.0113692
0.0113664
0.0113636
0.0113606
0.0113576
0.0113545
0.0113514
0.0113482
0.011345
0.0113418
0.0113384
0.0113349
0.0113314
0.0113277
0.0113239
0.0113202
0.0113164
0.0113124
0.0113083
0.0113041
0.0112995
0.0112948
0.0112901
0.0112854
0.0112807
0.0112761
0.0112715
0.0112671
0.0112628
0.0112584
0.011254
0.0112495
0.0112449
0.0112403
0.011236
0.0112315
0.011227
0.0112226
0.0112183
0.0112141
0.01121
0.0112057
0.0112014
0.0111972
0.011193
0.0111888
0.0111846
0.0111805
0.0111761
0.0111716
0.011167
0.0111624
0.0111576
0.0111528
0.0111478
0.0111427
0.0111377
0.0111328
0.0111277
0.0111221
0.0111164
0.0111107
0.0111049
0.0110994
0.0110936
0.0110878
0.0110819
0.0110761
0.0110703
0.0110645
0.0110591
0.0110536
0.0110482
0.011043
0.0110381
0.0110333
0.0110287
0.0110244
0.0110203
0.0110163
0.0110125
0.011009
0.0110058
0.0110027
0.0109999
0.0109972
0.0109946
0.0109921
0.0109893
0.0109862
0.0109833
0.0109807
0.0109783
0.010976
0.0109738
0.0109715
0.0109696
0.0109677
0.010966
0.0109644
0.0109629
0.0109614
0.0109599
0.0109585
0.0109573
0.0109563
0.0109553
0.0109545
0.0109539
0.0109533
0.0109527
0.0109512
0.0109498
0.0109486
0.0109478
0.010947
0.0109464
0.0109458
0.0109453
0.0109447
0.0109441
0.0109435
0.0109428
0.0109421
0.0109412
0.0109404
0.0109395
0.0109387
0.0109381
0.0109375
0.0109365
0.0109352
0.0109341
0.010933
0.010932
0.0109309
0.0109297
0.0109287
0.0109276
0.0109265
0.0109254
0.0109244
0.0109238
0.0109234
0.0109233
0.0109234
0.0109235
0.0109237
0.010924
0.0109244
0.0109246
0.0109249
0.0109255
0.0109262
0.010927
0.0109281
0.0109294
0.0109309
0.0109324
0.010934
0.0109356
0.0109372
0.0109388
0.0109405
0.0109422
0.0109439
0.0109457
0.0109475
0.0109489
0.0109504
0.0109519
0.0109533
0.0109541
0.010955
0.0109559
0.0109568
0.0109574
0.0109583
0.0109592
0.0109603
0.0109615
0.0109629
0.0109643
0.0109658
0.0109674
0.0109689
0.0109704
0.0109719
0.0109733
0.0109745
0.0109758
0.0109773
0.010979
0.0109805
0.0109819
0.0109832
0.0109846
0.0109862
0.0109879
0.0109897
0.0109915
0.0109932
0.0109948
0.010996
0.0109973
0.0109987
0.011
0.0110012
0.0110023
0.0110034
0.0110045
0.0110053
0.0110061
0.0110068
0.0110073
0.0110079
0.0110085
0.0110091
0.0110097
0.0110105
0.0110113
0.0110119
0.0110125
0.0110132
0.011014
0.0110149
0.0110161
0.0110172
0.0110183
0.0110192
0.0110201
0.0110212
0.0110223
0.0110233
0.0110245
0.0110255
0.0110266
0.0110274
0.011028
0.0110287
0.0110294
0.0110299
0.0110287
0.0110281
0.0110278
0.0110274
0.0110269
0.0110262
0.0110253
0.0110242
0.0110232
0.0110222
0.0110212
0.0110203
0.0110192
0.0110183
0.0110175
0.0110167
0.0110159
0.0110152
0.0110144
0.0110134
0.0110129
0.0110122
0.0110117
0.0110111
0.0110104
0.0110097
0.0110089
0.0110079
0.0110068
0.0110055
0.0110039
0.0110022
0.0110003
0.0109983
0.0109961
0.0109938
0.010991
0.0109881
0.0109851
0.0109816
0.0109779
0.010974
0.0109702
0.0109664
0.0109625
0.0109585
0.0109542
0.01095
0.0109458
0.0109415
0.0109371
0.0109325
0.0109277
0.0109232
0.0109188
0.0109146
0.0109106
0.0109063
0.0109019
0.0108975
0.0108932
0.010889
0.0108844
0.01088
0.0108757
0.0108717
0.0108678
0.0108641
0.0108607
0.0108574
0.0108542
0.0108513
0.0108488
0.0108464
0.010844
0.0108415
0.0108392
0.0108368
0.0108345
0.0108323
0.0108298
0.0108271
0.0108243
0.0108207
0.0108171
0.0108136
0.0108102
0.010807
0.0108038
0.0108007
0.0107978
0.0107945
0.0107911
0.010788
0.0107849
0.0107817
0.0107784
0.0107751
0.0107717
0.0107681
0.0107645
0.0107607
0.0107571
0.0107535
0.01075
0.0107466
0.0107431
0.0107396
0.0107359
0.0107322
0.0107284
0.0107245
0.0107205
0.0107166
0.0107127
0.0107089
0.0107052
0.0107013
0.0106975
0.0106933
0.010689
0.0106848
0.0106808
0.0106768
0.0106729
0.0106691
0.0106656
0.0106626
0.0106595
0.0106565
0.0106535
0.0106506
0.0106478
0.010645
0.0106421
0.0106392
0.0106365
0.0106338
0.0106305
0.0106276
0.010625
0.0106227
0.0106206
0.0106187
0.0106167
0.010615
0.0106133
0.0106117
0.0106103
0.010609
0.0106078
0.0106064
0.0106047
0.0106031
0.0106016
0.0106002
0.0105986
0.0105969
0.0105956
0.0105945
0.0105934
0.0105925
0.0105917
0.010591
0.0105904
0.0105899
0.0105894
0.0105889
0.0105885
0.010588
0.0105874
0.010587
0.0105867
0.0105865
0.0105862
0.010586
0.0105859
0.0105853
0.0105847
0.0105841
0.0105833
0.0105813
0.0105794
0.0105781
0.0105769
0.0105757
0.0105747
0.0105739
0.0105732
0.0105725
0.0105717
0.0105709
0.01057
0.0105693
0.010568
0.010567
0.0105663
0.0105657
0.010565
0.0105645
0.0105638
0.0105631
0.0105625
0.0105622
0.0105621
0.0105621
0.010562
0.010562
0.0105621
0.0105623
0.0105626
0.0105631
0.0105639
0.0105649
0.010566
0.0105671
0.0105684
0.0105699
0.0105715
0.0105733
0.0105751
0.0105769
0.0105786
0.0105804
0.0105819
0.0105836
0.0105854
0.010587
0.0105885
0.01059
0.0105915
0.0105929
0.0105943
0.0105957
0.0105971
0.0105986
0.0106
0.0106014
0.0106027
0.0106038
0.0106048
0.0106057
0.0106066
0.0106074
0.0106082
0.0106087
0.0106089
0.0106091
0.0106094
0.0106096
0.0106099
0.0106102
0.0106104
0.0106108
0.0106114
0.0106122
0.0106132
0.0106143
0.0106157
0.0106171
0.0106188
0.0106205
0.0106222
0.010624
0.010626
0.0106282
0.0106304
0.0106325
0.0106346
0.0106366
0.0106386
0.0106406
0.0106428
0.010645
0.0106472
0.0106494
0.0106516
0.0106535
0.0106554
0.0106572
0.0106588
0.0106603
0.0106619
0.0106635
0.010665
0.0106668
0.0106685
0.0106703
0.0106719
0.0106735
0.0106752
0.010677
0.0106787
0.0106805
0.0106822
0.010684
0.0106858
0.0106876
0.0106893
0.0106907
0.0106918
0.010693
0.0106941
0.0106951
0.010696
0.0106968
0.0106974
0.010698
0.0106987
0.0106993
0.0106997
0.0107001
0.0107007
0.0107014
0.010702
0.0107026
0.0107032
0.0107036
0.0107039
0.0107043
0.0107048
0.0107052
0.0107056
0.0107062
0.0107064
0.0107067
0.0107071
0.0107076
0.0107081
0.0107085
0.0107087
0.010709
0.0107095
0.0107101
0.0107109
0.0107119
0.010713
0.0107142
0.0107146
0.0107152
0.0107159
0.0107163
0.0107167
0.0107171
0.0107175
0.0107181
0.0107189
0.0107195
0.0107203
0.0107212
0.0107221
0.0107233
0.0107247
0.0107261
0.0107271
0.0107283
0.0107296
0.0107309
0.0107317
0.0107327
0.010734
0.0107354
0.0107368
0.0107379
0.0107386
0.0107396
0.0107408
0.0107422
0.0107437
0.0107454
0.0107474
0.0107492
0.0107511
0.010753
0.010755
0.0107571
0.0107592
0.0107614
0.0107635
0.0107655
0.0107678
0.0107701
0.0107719
0.0107735
0.0107748
0.010776
0.0107772
0.0107785
0.0107798
0.0107812
0.0107827
0.0107842
0.0107858
0.0107875
0.0107891
0.0107909
0.0107928
0.0107946
0.0107965
0.0107982
0.0107999
0.0108013
0.0108026
0.010804
0.0108054
0.0108068
0.0108082
0.0108096
0.0108107
0.0108123
0.0108139
0.0108155
0.0108172
0.0108196
0.0108213
0.0108231
0.0108251
0.0108272
0.0108293
0.0108312
0.0108332
0.0108354
0.0108375
0.0108398
0.0108419
0.0108441
0.0108464
0.0108487
0.010851
0.0108532
0.0108555
0.0108575
0.0108596
0.0108616
0.0108638
0.010866
0.0108682
0.0108703
0.0108727
0.0108753
0.010878
0.0108804
0.0108828
0.010885
0.0108873
0.0108896
0.010892
0.0108944
0.0108967
0.0108986
0.0109004
0.0109021
0.010904
0.0109059
0.0109077
0.0109094
0.0109109
0.0109124
0.0109141
0.0109159
0.0109179
0.01092
0.0109219
0.0109241
0.0109265
0.0109289
0.0109311
0.0109336
0.0109359
0.0109384
0.010941
0.0109437
0.0109465
0.0109494
0.0109522
0.010955
0.0109573
0.0109594
0.0109615
0.0109638
0.0109662
0.0109683
0.0109703
0.0109721
0.0109738
0.0109755
0.0109771
0.0109791
0.0109812
0.0109834
0.0109855
0.0109873
0.0109891
0.0109912
0.0109937
0.0109965
0.0109992
0.0110021
0.0110052
0.0110082
0.0110113
0.0110142
0.0110172
0.0110202
0.0110232
0.0110263
0.0110295
0.0110329
0.0110356
0.0110385
0.0110415
0.0110445
0.0110474
0.0110505
0.0110536
0.0110568
0.01106
0.0110629
0.0110656
0.0110682
0.0110709
0.0110734
0.0110755
0.0110776
0.0110797
0.0110817
0.0110834
0.0110852
0.0110869
0.0110883
0.0110894
0.0110905
0.0110916
0.0110927
0.0110937
0.0110947
0.0110956
0.0110964
0.0110971
0.0110977
0.0110982
0.0110987
0.0110992
0.0110998
0.0111004
0.0110999
0.0111008
0.0111011
0.0111015
0.0111022
0.0111031
0.0111042
0.0111054
0.0111065
0.0111077
0.0111085
0.0111096
0.0111112
0.0111131
0.011115
0.0111171
0.0111191
0.0111211
0.0111232
0.0111253
0.0111272
0.0111292
0.0111315
0.0111339
0.0111364
0.011139
0.0111417
0.0111439
0.011146
0.0111481
0.0111504
0.0111527
0.0111552
0.0111579
0.0111607
0.0111636
0.0111667
0.0111699
0.0111732
0.0111766
0.0111801
0.0111831
0.0111861
0.0111895
0.0111931
0.0111969
0.0112008
0.0112049
0.0112088
0.0112131
0.0112177
0.0112223
0.0112272
0.0112325
0.0112382
0.0112444
0.0112512
0.0112585
0.0112661
0.0112742
0.0112822
0.0112906
0.0112988
0.0113074
0.0113163
0.011325
0.0113337
0.0113426
0.0113518
0.0113613
0.0113712
0.0113813
0.0113918
0.0114028
0.011414
0.011425
0.0114364
0.0114478
0.0114595
0.0114712
0.0114829
0.0114946
0.0115064
0.0115183
0.0115304
0.0115428
0.0115551
0.0115675
0.0115793
0.0115909
0.0116025
0.0116142
0.0116261
0.0116381
0.0116501
0.011662
0.0116741
0.0116861
0.0116977
0.0117093
0.0117209
0.0117323
0.0117433
0.0117541
0.0117647
0.0117752
0.0117855
0.0117955
0.0118055
0.0118153
0.011825
0.0118345
0.0118436
0.0118524
0.0118609
0.0118694
0.0118776
0.0118857
0.0118936
0.0119012
0.0119088
0.0119161
0.0119231
0.0119299
0.0119364
0.0119423
0.0119476
0.0119525
0.0119568
0.0119608
0.0119648
0.0119685
0.0119722
0.0119756
0.0119783
0.0119807
0.011983
0.0119847
0.0119859
0.0119868
0.011988
0.0119892
0.0119904
0.0119917
0.0119926
0.011993
0.0119932
0.0119937
0.011994
0.0119943
0.0119946
0.011995
0.0119954
0.0119958
0.0119961
0.0119961
0.0119963
0.0119966
0.0119971
0.0119975
0.0119979
0.0119982
0.0119985
0.0119984
0.0119981
0.011998
0.0119979
0.0119964
0.0119959
0.0119954
0.011995
0.0119943
0.0119935
0.011993
0.0119931
0.0119933
0.0119936
0.0119939
0.0119944
0.0119948
0.0119955
0.0119963
0.0119975
0.0119995
0.012002
0.0120048
0.0120076
0.0120108
0.0120145
0.0120186
0.0120228
0.0120272
0.0120316
0.0120362
0.0120414
0.0120474
0.0120533
0.0120595
0.0120662
0.0120736
0.012081
0.0120882
0.0120954
0.012103
0.0121108
0.0121189
0.0121274
0.0121363
0.0121448
0.0121536
0.0121631
0.012173
0.0121831
0.0121935
0.0122044
0.0122154
0.0122266
0.0122376
0.0122488
0.0122601
0.0122716
0.0122829
0.0122944
0.0123062
0.012318
0.0123301
0.0123419
0.0123539
0.0123661
0.0123786
0.0123909
0.0124035
0.0124166
0.0124301
0.012444
0.0124582
0.0124724
0.0124866
0.0125006
0.0125147
0.0125288
0.0125428
0.0125571
0.0125713
0.0125854
0.0125987
0.0126119
0.0126253
0.0126386
0.0126519
0.0126653
0.0126778
0.0126895
0.0127018
0.0127146
0.0127274
0.0127403
0.012753
0.012765
0.0127767
0.0127885
0.0128003
0.0128118
0.0128233
0.0128347
0.012846
0.0128572
0.0128683
0.0128796
0.0128907
0.0129013
0.0129117
0.0129218
0.012932
0.0129421
0.0129523
0.0129624
0.0129725
0.0129822
0.012992
0.0130017
0.0130112
0.0130203
0.0130293
0.0130386
0.0130484
0.0130584
0.0130685
0.0130787
0.013089
0.0130987
0.0131083
0.0131182
0.0131283
0.0131385
0.0131487
0.0131591
0.0131703
0.0131821
0.0131943
0.013207
0.0132204
0.0132341
0.013248
0.0132623
0.0132766
0.0132909
0.0133056
0.0133207
0.0133361
0.0133525
0.0133683
0.013384
0.0134
0.0134156
0.0134316
0.0134477
0.0134638
0.0134802
0.0134966
0.0135131
0.0135292
0.013545
0.0135609
0.0135769
0.013593
0.0136094
0.0136257
0.0136421
0.0136586
0.0136749
0.0136911
0.013707
0.013723
0.0137388
0.0137543
0.0137694
0.0137845
0.0137995
0.0138145
0.0138297
0.0138447
0.0138595
0.0138741
0.0138886
0.0139028
0.0139169
0.0139303
0.0139436
0.0139571
0.0139708
0.013984
0.0139974
0.0140108
0.0140245
0.0140381
0.0140515
0.0140651
0.0140789
0.0140931
0.0141073
0.0141216
0.0141357
0.0141496
0.0141632
0.014177
0.014191
0.0142047
0.0142185
0.0142326
0.0142467
0.0142613
0.0142766
0.0142922
0.0143081
0.0143239
0.0143405
0.0143576
0.0143742
0.0143913
0.014409
0.0144274
0.0144457
0.014464
0.0144829
0.0145016
0.0145205
0.0145395
0.0145585
0.0145775
0.0145969
0.0146167
0.0146367
0.0146568
0.0146771
0.0146974
0.0147178
0.0147384
0.0147593
0.0147808
0.0148026
0.0148237
0.0148452
0.0148671
0.014889
0.0149108
0.0149328
0.0149546
0.0149767
0.0149987
0.0150205
0.0150427
0.0150647
0.0150868
0.0151088
0.0151309
0.0151531
0.0151749
0.0151967
0.0152187
0.0152412
0.0152642
0.0152867
0.0153092
0.0153316
0.0153538
0.0153758
0.0153979
0.0154206
0.0154433
0.0154664
0.01549
0.015514
0.01554
0.0155637
0.0155888
0.0156143
0.0156398
0.0156644
0.0156888
0.0157131
0.015737
0.0157611
0.0157853
0.0158101
0.0158352
0.0158604
0.0158856
0.0159106
0.0159355
0.0159608
0.0159864
0.0160121
0.0160383
0.0160647
0.0160911
0.0161171
0.0161431
0.0161697
0.0161968
0.0162243
0.0162527
0.0162812
0.0163097
0.0163392
0.0163682
0.0163972
0.0164266
0.0164556
0.0164844
0.0165135
0.0165432
0.0165738
0.016605
0.0166368
0.0166692
0.0167019
0.016735
0.0167683
0.0168018
0.0168351
0.0168689
0.0169027
0.0169368
0.0169713
0.0170062
0.0170413
0.0170759
0.0171105
0.0171451
0.0171792
0.0172135
0.0172479
0.0172818
0.0173156
0.0173497
0.0173838
0.017417
0.0174506
0.0174843
0.0175197
0.0175548
0.0175892
0.0176238
0.0176591
0.0176948
0.017731
0.0177667
0.0178011
0.0178365
0.0178711
0.0179072
0.0179425
0.0179787
0.0180149
0.0180507
0.0180866
0.0181219
0.0181576
0.0181935
0.0182298
0.0182665
0.0183037
0.0183413
0.0183794
0.0184174
0.0184554
0.0184944
0.0185329
0.0185712
0.0186095
0.0186472
0.0186836
0.0187203
0.0187564
0.0187907
0.0188246
0.0188583
0.0188913
0.0189237
0.0189552
0.018986
0.0190163
0.0190466
0.0190777
0.0191097
0.0191421
0.0191748
0.0192083
0.0192423
0.0192768
0.0193119
0.0193484
0.0193872
0.019427
0.0194675
0.0195091
0.019552
0.0195965
0.0196431
0.0196925
0.0197437
0.0197966
0.0198517
0.0199076
0.019965
0.0200253
0.0200876
0.0201517
0.0202177
0.0202848
0.0203536
0.0204238
0.0204953
0.0205681
0.0206406
0.0207134
0.020787
0.0208616
0.0209374
0.0210127
0.0210887
0.021165
0.0212417
0.0213177
0.0213923
0.0214662
0.0215397
0.0216138
0.0216883
0.0217628
0.0218386
0.0219158
0.0219944
0.0220751
0.0221587
0.0222445
0.0223327
0.0224234
0.0225175
0.0226145
0.0227143
0.0228151
0.0229193
0.0230251
0.0231319
0.0232407
0.0233502
0.0234582
0.0235656
0.0236722
0.0237784
0.0238831
0.0239876
0.0240915
0.0241913
0.0242852
0.0243772
0.0244662
0.0245518
0.0246342
0.0247123
0.024785
0.0248544
0.0249239
0.0249899
0.0250517
0.0251098
0.0251625
0.0252125
0.0252576
0.0252976
0.0253349
0.0253717
0.025405
0.0254344
0.0254601
0.0254854
0.0255093
0.0255309
0.0255514
0.0255701
0.0255878
0.0256045
0.0256201
0.0256319
0.0256417
0.0256449
0.0256482
0.025653
0.0256572
0.0256613
0.0256643
0.0256644
0.0256643
0.0256645
0.0256659
0.0256684
0.025674
0.0256804
0.0256847
0.0256885
0.0256973
0.0257108
0.0257271
0.0257439
0.0257652
0.0257914
0.0258213
0.0258562
0.025891
0.0259294
0.0259703
0.0260113
0.0260521
0.0260964
0.0261423
0.0261898
0.0262354
0.0262797
0.0263242
0.0263637
0.0264012
0.0264376
0.0264734
0.0265078
0.0265406
0.0265749
0.0266112
0.0266479
0.0266849
0.02672
0.0267571
0.0267909
0.0268259
0.0268584
0.0268876
0.0269149
0.0269412
0.026965
0.0269916
0.0270168
0.0270394
0.0270632
0.0270842
0.0271018
0.0271188
0.0271382
0.0271587
0.0271792
0.0271997
0.0272226
0.0272416
0.0272481
0.0272532
0.0272558
0.0272553
0.0272538
0.0272501
0.0272413
0.0272271
0.0272071
0.0271826
0.0271539
0.0271273
0.0271045
0.0270857
0.0270678
0.0270543
0.0270466
0.0270432
0.0270289
0.0270068
0.026999
0.0269914
0.0269823
0.0269734
0.0269665
0.0269635
0.0269623
0.0269537
0.0269465
0.0269478
0.0269542
0.0269622
0.0269792
0.0269992
0.0270204
0.0270379
0.0270621
0.0270985
0.0271386
0.027183
0.0272284
0.0272752
0.0273265
0.0273708
0.0274037
0.0274189
0.027451
0.0274922
0.0275384
0.0275891
0.027639
0.0276847
0.0277239
0.0277586
0.0277725
0.0277836
0.0277862
0.0277808
0.0277702
0.027763
0.0277599
0.0277618
0.0277643
0.0277631
0.0277539
0.0277484
0.0277489
0.0277517
0.0277502
0.0277473
0.0277552
0.0277568
0.0277572
0.0277497
0.0277491
0.0277533
0.0277577
0.0277704
0.0277964
0.0278445
0.0278461
0.0278456
0.0278458
0.0278392
0.0278296
0.0278185
0.0278067
0.0277899
0.0277754
0.0277522
0.0277221
0.0276919
0.0276548
0.0275853
0.0275479
0.0275297
0.0275105
0.0274947
0.0274835
0.0274557
0.0273846
0.0273222
0.0272607
0.0272043
0.0271536
0.0271116
0.0270772
0.0270532
0.0270406
0.0270367
0.0270449
0.0270575
0.027077
0.0271058
0.0271389
0.0271876
0.0272541
0.0272927
0.0273245
0.0273532
0.0273703
0.0273787
0.0273834
0.0273874
0.027391
0.0273986
0.0274034
0.0274104
0.0274281
0.0274353
0.0274525
0.0274657
0.0274749
0.0274728
0.0274331
0.0273803
0.0273379
0.027306
0.02728
0.0272651
0.0272396
0.0272115
0.0271878
0.0271632
0.0271272
0.0270907
0.0270622
0.0270387
0.0270129
0.0269908
0.0269625
0.0269351
0.0269008
0.0268616
0.0268144
0.0267525
0.0266863
0.0266196
0.0265567
0.0264974
0.0264422
0.0263915
0.0263436
0.026299
0.0262677
0.026254
0.0262448
0.0262199
0.0261885
0.0261621
0.0261381
0.0261128
0.0260794
0.0260416
0.0259964
0.025948
0.0258945
0.0258291
0.0257595
0.0256798
0.0256053
0.0255439
0.0254947
0.0254527
0.025418
0.0253869
0.0253632
0.0253502
0.0253493
0.0253541
0.0253611
0.0253653
0.0253638
0.0253538
0.0253594
0.0253642
0.025363
0.025358
0.0253414
0.0253194
0.0252902
0.0252482
0.0251979
0.0251252
0.0250466
0.0249394
0.0248204
0.0246957
0.0245897
0.0244948
0.0244062
0.0243243
0.024252
0.0241775
0.024096
0.0240261
0.0239603
0.0239144
0.0238851
0.023871
0.0238574
0.0238421
0.0238056
0.0237756
0.0237464
0.0237304
0.0237334
0.0237217
0.0236845
0.0236585
0.0236426
0.023639
0.0236463
0.0236567
0.0236653
0.0236765
0.0236917
0.0236893
0.0236676
0.0236338
0.0235846
0.0235376
0.0234998
0.0234621
0.0234282
0.023397
0.0233623
0.0233308
0.0233016
0.0232766
0.02325
0.0232238
0.0231943
0.0231446
0.023074
0.0229857
0.022892
0.0228077
0.022727
0.0226494
0.0225732
0.0224996
0.0224309
0.0223624
0.022296
0.0222275
0.0221479
0.0220765
0.0220079
0.0219488
0.0218994
0.0218683
0.0218482
0.0218262
0.0217965
0.0217376
0.0216768
0.0216232
0.0215713
0.0215197
0.0214771
0.0214353
0.0213937
0.021363
0.0213383
0.0213193
0.0213246
0.0213227
0.0213249
0.0213436
0.0213373
0.0213108
0.021284
0.021255
0.0212285
0.0212
0.02117
0.0211377
0.0211039
0.0210737
0.021045
0.0210267
0.0210208
0.0210233
0.0210398
0.0210436
0.0210598
0.0210675
0.0210764
0.0210855
0.0210934
0.0210978
0.0211037
0.0211161
0.0211258
0.0211337
0.0211401
0.0211439
0.0211456
0.0211475
0.0211456
0.0211421
0.0211399
0.0211365
0.0211282
0.02112
0.021115
0.0211096
0.0211099
0.0211097
0.0210996
0.0210881
0.0210764
0.0210665
0.02106
0.0210522
0.0210421
0.0210191
0.0209922
0.0209563
0.0209075
0.0208502
0.020785
0.0207143
0.0206508
0.020592
0.0205379
0.0204894
0.0204441
0.0204019
0.020363
0.0203265
0.0202904
0.0202579
0.0202304
0.0202066
0.0201838
0.0201615
0.0201409
0.0201216
0.0201047
0.020088
0.0200745
0.0200578
0.0200389
0.0200153
0.0199877
0.0199648
0.0199403
0.0199151
0.019891
0.0198694
0.0198495
0.0198263
0.0198065
0.0197894
0.0197765
0.0197641
0.0197497
0.0197341
0.0197192
0.0196997
0.0196776
0.0196565
0.0196356
0.0196136
0.0195945
0.0195682
0.0195415
0.0195162
0.0194852
0.0194562
0.0194257
0.0193993
0.0193737
0.0193515
0.0193373
0.0193318
0.019332
0.0193296
0.0193245
0.0193202
0.0193191
0.0193202
0.0193158
0.0193014
0.0192817
0.0192615
0.019244
0.0192286
0.0192143
0.0191995
0.0191832
0.0191659
0.0191479
0.019128
0.0191064
0.0190834
0.0190576
0.0190304
0.0190053
0.0189789
0.0189529
0.0189285
0.018906
0.0188851
0.0188655
0.0188489
0.018835
0.0188259
0.0188197
0.0188169
0.0188156
0.018816
0.0188178
0.0188199
0.0188193
0.0188134
0.0188043
0.0187918
0.018768
0.0187445
0.0187218
0.0186993
0.0186769
0.0186509
0.0186179
0.0185845
0.0185502
0.0185116
0.0184712
0.0184299
0.0183903
0.0183535
0.0183172
0.0182818
0.018247
0.0182115
0.0181789
0.0181481
0.0181202
0.0180937
0.018071
0.0180507
0.018033
0.0180182
0.0180065
0.0179978
0.0179924
0.0179898
0.0179866
0.0179897
0.0179886
0.0179836
0.0179805
0.0179782
0.0179774
0.0179752
0.0179704
0.0179565
0.0179407
0.0179173
0.0178966
0.0178754
0.0178549
0.0178326
0.0178081
0.0177806
0.0177518
0.0177243
0.0176992
0.0176752
0.0176508
0.0176264
0.0176029
0.0175803
0.0175595
0.0175413
0.0175266
0.0175127
0.0174816
0.0174655
0.0174502
0.01744
0.0174327
0.0174331
0.017439
0.0174508
0.0174645
0.0174784
0.0174896
0.0174929
0.0174918
0.0174784
0.0174453
0.0174049
0.0173627
0.0173189
0.0172796
0.017237
0.0171955
0.0171557
0.01712
0.0170884
0.0170668
0.017049
0.0170382
0.0170329
0.0170317
0.0170316
0.0170323
0.0170291
0.0170195
0.0170122
0.0170077
0.0170034
0.0169871
0.0169717
0.0169579
0.016945
0.0169291
0.016914
0.0168982
0.0168839
0.0168695
0.0168543
0.016831
0.0168088
0.0167874
0.0167659
0.0167439
0.0167199
0.0166931
0.0166637
0.0166206
0.016576
0.0165345
0.0164949
0.016457
0.0164196
0.0163808
0.0163427
0.0163054
0.0162683
0.016233
0.0161983
0.0161594
0.0161231
0.0160917
0.016065
0.0160436
0.0160266
0.0160118
0.0160303
0.0160128
0.0160201
0.0160431
0.0160515
0.0160545
0.0160591
0.0160641
0.0160669
0.0160419
0.0160449
0.0160474
0.0160491
0.0160498
0.0160527
0.0160557
0.016058
0.0160601
0.0160629
0.0160644
0.0160638
0.0160757
0.0160664
0.0160559
0.0160444
0.0160291
0.0160116
0.0159977
0.0159778
0.0159586
0.0159384
0.0159171
0.0158945
0.0158709
0.0158482
0.0158263
0.0158038
0.0157795
0.015756
0.0157344
0.0157144
0.0156951
0.0156773
0.01566
0.015641
0.0156207
0.0156018
0.0155822
0.0155615
0.0155402
0.015513
0.0154886
0.015467
0.0154446
0.0154241
0.0154057
0.0153888
0.0153725
0.0153547
0.0153367
0.0153195
0.0153026
0.0152849
0.0152675
0.0152511
0.0152337
0.0152155
0.0151969
0.0151786
0.0151572
0.0151377
0.0151197
0.0151002
0.0150819
0.0150654
0.0150499
0.0150355
0.0150233
0.0150121
0.015002
0.0149913
0.0149811
0.0149722
0.0149643
0.0149556
0.0149479
0.0149403
0.0149324
0.0149257
0.0149199
0.0149152
0.0149095
0.0149027
0.0148965
0.0148906
0.0148836
0.0148753
0.0148685
0.014863
0.0148587
0.0148549
0.0148512
0.0148473
0.0148438
0.0148409
0.0148382
0.0148353
0.0148324
0.0148297
0.0148278
0.0148272
0.0148269
0.0148263
0.0148261
0.0148266
0.0148251
0.0148211
0.014816
0.0148089
0.014799
0.014788
0.0147767
0.0147645
0.0147524
0.0147409
0.0147293
0.0147175
0.0147064
0.0146958
0.0146855
0.0146731
0.0146589
0.0146434
0.0146274
0.0146114
0.0145944
0.0145762
0.0145584
0.0145404
0.0145193
0.0144966
0.0144743
0.0144531
0.0144325
0.0144122
0.014391
0.0143696
0.014348
0.0143265
0.0143056
0.0142858
0.0142662
0.014247
0.0142285
0.0142106
0.0141922
0.0141741
0.0141564
0.0141388
0.0141204
0.0141028
0.014086
0.0140699
0.0140557
0.0140418
0.014028
0.0140142
0.0140011
0.013989
0.0139755
0.0139632
0.0139503
0.0139391
0.0139302
0.0139235
0.0139186
0.0139152
0.0139137
0.0139133
0.0139133
0.0139136
0.0139149
0.0139169
0.0139198
0.013923
0.0139256
0.0139265
0.0139258
0.0139246
0.0139223
0.0139195
0.013916
0.0139119
0.0139082
0.0139055
0.0139033
0.0139009
0.0138981
0.0138953
0.0138923
0.0138886
0.0138821
0.0138751
0.0138675
0.0138591
0.0138493
0.0138376
0.0138235
0.0138094
0.0137944
0.0137802
0.0137652
0.0137517
0.0137384
0.0137251
0.0137135
0.0137026
0.0136921
0.0136818
0.0136702
0.0136586
0.0136461
0.013634
0.0136213
0.0136098
0.0136294
0.0136146
0.013612
0.0136375
0.0136126
0.0135845
0.013574
0.0135547
0.0135389
0.0135259
0.0135142
0.0135031
0.0134928
0.013485
0.0134798
0.0134775
0.0134756
0.0134727
0.0134622
0.0134527
0.0134438
0.0134352
0.0134281
0.0134187
0.0134096
0.0134013
0.013392
0.0133841
0.0133732
0.0133637
0.0133542
0.0133459
0.0133384
0.0133316
0.0133253
0.0133204
0.0133136
0.013309
0.013306
0.0133042
0.0133038
0.0133038
0.0133042
0.0133028
0.0133029
0.0133035
0.0133045
0.0133055
0.0133074
0.0133099
0.013311
0.0133114
0.0133117
0.0133116
0.0133113
0.0133105
0.0133084
0.0133058
0.0133026
0.0132997
0.0132965
0.0132934
0.0132893
0.0132855
0.0132814
0.0132779
0.0132746
0.0132724
0.0132675
0.0132627
0.0132581
0.0132537
0.0132496
0.0132457
0.013242
0.013239
0.0132356
0.0132321
0.0132293
0.0132254
0.0132163
0.0132066
0.0131939
0.0131816
0.0131687
0.0131564
0.0131444
0.0131329
0.0131208
0.0131074
0.0130946
0.013081
0.0130695
0.0130589
0.013049
0.0130401
0.0130313
0.0130222
0.0130132
0.0130034
0.0129931
0.0129841
0.0129764
0.0129691
0.0129619
0.0129554
0.0129492
0.0129438
0.0129388
0.0129337
0.0129283
0.012923
0.0129188
0.0129136
0.0129088
0.012904
0.0128995
0.0128953
0.0128912
0.0128859
0.0128799
0.0128747
0.0128701
0.0128659
0.0128613
0.0128564
0.0128531
0.0128505
0.0128495
0.0128495
0.0128503
0.0128521
0.0128546
0.0128574
0.0128609
0.0128642
0.0128674
0.0128697
0.0128712
0.0128728
0.012871
0.0128699
0.0128685
0.0128672
0.0128647
0.0128607
0.0128561
0.0128493
0.0128399
0.0128279
0.0128156
0.0128029
0.0127896
0.012775
0.0127599
0.0127445
0.0127286
0.0127123
0.0126967
0.0126806
0.0126646
0.0126479
0.0126307
0.0126148
0.0125998
0.0125853
0.0125716
0.0125586
0.0125452
0.0125325
0.0125208
0.0125097
0.0124992
0.0124866
0.0124752
0.0124647
0.0124556
0.0124485
0.0124407
0.0124329
0.012426
0.0124204
0.0124159
0.012412
0.0124087
0.0124063
0.012404
0.0124022
0.0124004
0.0123977
0.0123929
0.0123857
0.0123789
0.0123727
0.0123676
0.0123626
0.0123579
0.0123531
0.0123488
0.0123446
0.0123405
0.0123352
0.0123298
0.0123218
0.0123155
0.0123107
0.0123069
0.0123035
0.0123008
0.0122995
0.0122985
0.0122965
0.0122956
0.0122943
0.0122935
0.0122926
0.0122919
0.0122911
0.0122901
0.0122894
0.0122884
0.0122876
0.0122865
0.0122852
0.012285
0.0122853
0.0122856
0.0122864
0.0122868
0.0122869
0.0122874
0.0122878
0.0122883
0.0122887
0.0122898
0.0122908
0.0122918
0.0122928
0.0122938
0.0122954
0.0122977
0.0123002
0.0123031
0.0123067
0.0123102
0.0123137
0.0123173
0.0123199
0.012322
0.0123206
0.012317
0.0123137
0.0123103
0.0123057
0.0123005
0.0122953
0.0122903
0.0122863
0.012283
0.0122806
0.0122769
0.0122731
0.01227
0.0122679
0.0122672
0.0122667
0.0122665
0.0122666
0.0122671
0.0122685
0.0122698
0.0122695
0.0122692
0.012269
0.0122694
0.0122701
0.0122716
0.0122734
0.0122755
0.0122779
0.0122803
0.012284
0.0122884
0.012293
0.0122982
0.0123042
0.0123109
0.0123182
0.012326
0.0123343
0.0123431
0.0123523
0.0123624
0.0123736
0.0123848
0.0123958
0.0124069
0.0124177
0.0124276
0.0124362
0.0124456
0.0124547
0.0124637
0.0124694
0.0124722
0.0124753
0.0124793
0.0124836
0.0124876
0.012492
0.0124964
0.0125011
0.0125059
0.0125107
0.0125156
0.0125209
0.0125265
0.0125317
0.0125365
0.0125408
0.0125442
0.0125468
0.0125495
0.0125521
0.012554
0.012556
0.0125587
0.0125615
0.0125634
0.0125636
0.0125637
0.0125633
0.0125622
0.0125606
0.0125585
0.012557
0.0125556
0.0125544
0.0125524
0.0125445
0.0125416
0.012539
0.0125355
0.012531
0.0125267
0.0125358
0.0125328
0.0125296
0.0125254
0.0125213
0.0125174
0.0125134
0.0124875
0.012479
0.0124715
0.0124643
0.0124561
0.0124471
0.0124385
0.0124298
0.012421
0.0124117
0.012403
0.0123938
0.0123842
0.0123747
0.0123646
0.0123532
0.01234
0.0123268
0.0123133
0.0123006
0.012288
0.0122759
0.0122637
0.0122521
0.0122409
0.0122308
0.0122209
0.0122105
0.0122004
0.0121904
0.0121808
0.0121707
0.0121613
0.0121522
0.0121436
0.0121353
0.012128
0.0121233
0.0121195
0.0121175
0.0121162
0.0121153
0.0121144
0.0121142
0.0121144
0.0121146
0.0121152
0.0121187
0.0121233
0.0121286
0.0121345
0.012141
0.012148
0.0121554
0.0121634
0.012172
0.0121808
0.0121898
0.0121981
0.0122053
0.0122118
0.0122067
0.0122023
0.0121972
0.0121923
0.0121883
0.0121832
0.0121773
0.0121707
0.0121638
0.0121523
0.0121404
0.0121278
0.0121147
0.012101
0.0120861
0.0120717
0.0120571
0.0120424
0.0120278
0.0120127
0.0119973
0.0119813
0.0119656
0.0119492
0.0119318
0.0119132
0.0118941
0.0118761
0.01186
0.0118442
0.0118274
0.0118096
0.011792
0.0117752
0.0117592
0.0117438
0.0117292
0.0117141
0.0116984
0.0116828
0.0116679
0.0116543
0.0116445
0.0116343
0.0116256
0.0116192
0.0116142
0.0116109
0.0116055
0.0116068
0.0116065
0.0116036
0.011605
0.0116069
0.0116096
0.0116129
0.011617
0.0116215
0.0116267
0.0116325
0.0116385
0.0116445
0.0116488
0.0116517
0.0116555
0.0116588
0.0116622
0.0116658
0.0116697
0.011674
0.0116788
0.0116844
0.0116908
0.0116977
0.0117049
0.0117123
0.0117202
0.0117282
0.0117358
0.0117425
0.011749
0.0117556
0.0117624
0.0117686
0.0117747
0.0117813
0.0117884
0.0117959
0.0118034
0.0118117
0.0118207
0.01183
0.0118394
0.0118529
0.0118598
0.0118737
0.0118821
0.0118946
0.0119056
0.0119168
0.0119266
0.011934
0.0119422
0.0119506
0.0119584
0.0119659
0.011972
0.0119782
0.0119837
0.0119894
0.0119936
0.0119975
0.0120012
0.0120048
0.0120079
0.012011
0.0120145
0.0120167
0.012019
0.012022
0.0120252
0.0120284
0.0120315
0.0120342
0.012037
0.0120396
0.0120427
0.0120463
0.0120488
0.0120506
0.0120525
0.0120545
0.0120568
0.012059
0.012061
0.0120625
0.0120638
0.0120651
0.0120666
0.0120678
0.0120691
0.0120675
0.0120654
0.0120635
0.0120623
0.0120619
0.0120619
0.0120623
0.0120629
0.0120637
0.0120654
0.0120676
0.0120706
0.0120746
0.0120791
0.0120844
0.0120897
0.0120954
0.0121013
0.0121074
0.0121134
0.0121188
0.0121242
0.01213
0.0121356
0.0121407
0.0121453
0.012149
0.0121524
0.0121557
0.0121577
0.0121593
0.0121607
0.0121617
0.0121618
0.0121612
0.0121596
0.0121576
0.0121554
0.0121527
0.0121496
0.0121459
0.0121417
0.0121376
0.0121298
0.0121213
0.0121125
0.0121024
0.0120918
0.0120809
0.0120693
0.0120566
0.0120436
0.0120304
0.012017
0.0120032
0.0119891
0.0119747
0.0119603
0.0119456
0.0119306
0.0119154
0.0119003
0.0118853
0.0118704
0.0118556
0.0118407
0.0118258
0.0118107
0.0117951
0.0117787
0.0117624
0.0117463
0.0117308
0.0117157
0.0117012
0.0116866
0.0116731
0.0116601
0.0116475
0.0116353
0.0116232
0.0116109
0.0115996
0.011589
0.0115788
0.0115692
0.0115603
0.0115528
0.0115454
0.0115387
0.0115353
0.0115358
0.0115336
0.0115322
0.011525
0.0115172
0.0115099
0.0115027
0.0114945
0.0114859
0.0114766
0.0114676
0.0114587
0.0114497
0.0114405
0.0114313
0.0114222
0.0114134
0.0114054
0.0113976
0.0113901
0.0113832
0.0113766
0.0113701
0.0113637
0.0113577
0.0113516
0.0113453
0.0113394
0.0113336
0.0113275
0.0113214
0.0113153
0.0113091
0.0113009
0.0112916
0.0112838
0.0112759
0.0112681
0.0112609
0.0112538
0.0112474
0.0112421
0.0112374
0.0112335
0.0112303
0.0112281
0.0112265
0.0112254
0.0112242
0.0112238
0.0112236
0.0112235
0.0112232
0.0112216
0.0112207
0.0112206
0.0112212
0.0112227
0.0112242
0.0112262
0.0112289
0.0112322
0.0112348
0.0112379
0.0112413
0.0112449
0.0112498
0.0112539
0.0112579
0.0112614
0.0112662
0.0112707
0.0112738
0.0112768
0.01128
0.0112704
0.011267
0.0112641
0.0112615
0.0112589
0.0112623
0.0112583
0.0112543
0.0112497
0.0112435
0.0112378
0.0112335
0.0112291
0.0112243
0.0112188
0.0112127
0.0112069
0.0112018
0.0111964
0.0111909
0.0111858
0.0111813
0.0111774
0.0111741
0.0111715
0.0111691
0.0111675
0.0111667
0.0111669
0.0111679
0.0111692
0.0111712
0.0111729
0.0111753
0.0111779
0.0111811
0.0111846
0.0111885
0.0111922
0.0111951
0.011198
0.0112006
0.0112022
0.0112045
0.0112064
0.0112086
0.011211
0.0112139
0.0112169
0.0112199
0.0112226
0.0112252
0.0112251
0.011222
0.0112195
0.0112175
0.0112155
0.0112133
0.0112117
0.0112099
0.011208
0.0112057
0.0112029
0.0112
0.0111969
0.0111931
0.0111889
0.0111845
0.0111801
0.0111752
0.0111697
0.0111622
0.0111515
0.0111395
0.0111274
0.0111151
0.0111014
0.011088
0.0110739
0.01106
0.011046
0.0110318
0.0110181
0.011005
0.0109923
0.0109801
0.0109686
0.0109576
0.010947
0.0109366
0.0109266
0.0109172
0.0109079
0.0108986
0.0108899
0.0108816
0.0108726
0.0108635
0.0108548
0.0108466
0.0108386
0.0108312
0.0108231
0.0108146
0.0108066
0.0107991
0.010792
0.0107852
0.0107789
0.0107731
0.0107676
0.0107616
0.0107558
0.0107505
0.0107452
0.0107403
0.0107356
0.0107313
0.0107276
0.0107244
0.0107209
0.0107176
0.0107152
0.0107132
0.0107117
0.0107103
0.0107092
0.0107082
0.0107075
0.0107069
0.0107053
0.0107041
0.010703
0.0107024
0.0107021
0.010702
0.010702
0.0107024
0.010703
0.0107039
0.0107052
0.0107069
0.0107027
0.0107032
0.0107044
0.0107058
0.0107081
0.0107105
0.0107127
0.010715
0.0107183
0.010728
0.0107362
0.0107407
0.0107439
0.0107462
0.0107484
0.0107501
0.010752
0.0107538
0.0107557
0.0107577
0.0107601
0.0107629
0.0107666
0.0107639
0.0107609
0.0107581
0.0107487
0.0107381
0.0107357
0.0107353
0.0107347
0.0107351
0.0107357
0.0107359
0.0107361
0.0107359
0.0107352
0.0107341
0.0107327
0.0107317
0.0107306
0.0107291
0.0107278
0.0107267
0.0107257
0.0107244
0.0107233
0.0107219
0.01072
0.0107178
0.0107156
0.0107132
0.0107107
0.010708
0.0107054
0.0107031
0.0107007
0.0106982
0.0106954
0.0106924
0.0106893
0.0106863
0.0106832
0.0106801
0.0106769
0.010674
0.0106718
0.0106697
0.0106676
0.0106655
0.0106634
0.0106615
0.0106597
0.0106575
0.0106554
0.0106536
0.0106517
0.0106504
0.0106496
0.0106491
0.0106489
0.0106487
0.0106483
0.0106476
0.0106472
0.010647
0.0106474
0.0106479
0.0106489
0.0106503
0.0106517
0.0106533
0.010655
0.0106571
0.0106595
0.0106617
0.010664
0.0106659
0.0106669
0.0106675
0.0106676
0.0106671
0.0106632
0.010659
0.0106551
0.0106517
0.010649
0.0106466
0.0106443
0.0106419
0.0106399
0.0106384
0.0106372
0.0106365
0.0106353
0.010634
0.0106325
0.010631
0.0106304
0.0106303
0.0106304
0.0106307
0.010631
0.0106316
0.0106322
0.0106333
0.0106346
0.0106363
0.0106383
0.0106405
0.0106431
0.0106457
0.0106484
0.0106506
0.010653
0.0106557
0.0106583
0.010661
0.0106635
0.0106657
0.0106672
0.0106685
0.0106698
0.0106709
0.0106722
0.0106728
0.0106712
0.0106697
0.0106681
0.0106668
0.0106642
0.0106619
0.0106598
0.0106575
0.0106555
0.0106531
0.0106505
0.010648
0.0106456
0.0106436
0.01064
0.0106369
0.0106343
0.0106305
0.0106261
0.010622
0.0106181
0.0106142
0.0106101
0.010606
0.0106019
0.0105977
0.0105934
0.0105892
0.0105848
0.0105801
0.0105757
0.0105713
0.0105671
0.0105631
0.0105592
0.0105553
0.010551
0.0105469
0.010543
0.0105394
0.0105364
0.0105337
0.0105315
0.0105297
0.010528
0.0105269
0.0105262
0.0105256
0.0105246
0.0105235
0.0105227
0.0105225
0.0105227
0.0105234
0.010524
0.0105252
0.0105267
0.0105292
0.0105326
0.0105361
0.010539
0.0105383
0.010538
0.0105364
0.0105326
0.0105283
0.0105236
0.0105208
0.0105189
0.0105175
0.0105164
0.0105159
0.0105154
0.0105142
0.010512
0.0105099
0.0105082
0.0105073
0.0105064
0.0105056
0.0105047
0.0105046
0.0105044
0.010505
0.0105055
0.0105067
0.010508
0.0105098
0.0105115
0.0105135
0.0105163
0.010519
0.0105215
0.0105244
0.0105275
0.0105313
0.0105357
0.0105401
0.0105453
0.0105513
0.0105574
0.0105645
0.0105727
0.0105808
0.0105895
0.0105984
0.0106074
0.0106176
0.0106283
0.0106396
0.0106514
0.0106622
0.0106723
0.0106825
0.0106927
0.0107019
0.0107108
0.0107193
0.0107249
0.0107294
0.0107339
0.0107385
0.0107435
0.0107485
0.0107532
0.0107582
0.0107637
0.010769
0.0107744
0.0107799
0.0107848
0.0107898
0.0107948
0.0107996
0.0108045
0.0108097
0.0108151
0.0108206
0.0108265
0.0108321
0.0108373
0.01084
0.0108425
0.0108451
0.0108476
0.010851
0.0108552
0.0108585
0.0108623
0.0108666
0.010871
0.0108755
0.0108802
0.010885
0.0108897
0.0108945
0.0108992
0.0109032
0.0109075
0.0109119
0.0109162
0.0109206
0.0109256
0.0109307
0.0109358
0.01094
0.0109438
0.0109471
0.0109498
0.0109522
0.0109538
0.0109549
0.0109561
0.0109568
0.0109571
0.0109569
0.0109548
0.0109533
0.0109521
0.0109507
0.0109493
0.0109471
0.0109455
0.0109445
0.0109439
0.0109435
0.0109431
0.0109425
0.010941
0.0109393
0.010938
0.0109366
0.0109347
0.0109327
0.0109303
0.0109267
0.0109237
0.0109207
0.0109179
0.0109152
0.0109126
0.01091
0.010907
0.0109039
0.010901
0.0108977
0.0108937
0.0108891
0.010885
0.0108815
0.0108779
0.0108749
0.0108721
0.0108698
0.0108677
0.010866
0.0108652
0.0108643
0.0108635
0.0108629
0.0108633
0.0108643
0.0108668
0.0108697
0.0108732
0.0108773
0.0108819
0.0108867
0.0108923
0.010898
0.0109039
0.0109096
0.0109152
0.0109201
0.0109253
0.0109296
0.0109347
0.0109388
0.0109429
0.0109468
0.0109507
0.0109547
0.0109586
0.0109619
0.0109651
0.0109681
0.0109704
0.0109728
0.0109757
0.0109782
0.0109801
0.0109818
0.0109832
0.0109839
0.0109844
0.0109846
0.0109839
0.0109823
0.0109804
0.0109779
0.0109751
0.0109724
0.0109696
0.0109666
0.0109629
0.0109575
0.0109516
0.0109457
0.0109403
0.0109353
0.0109304
0.0109255
0.0109207
0.0109157
0.0109108
0.0109062
0.0109013
0.0108956
0.01089
0.0108849
0.0108802
0.010876
0.0108716
0.0108671
0.0108635
0.0108608
0.0108587
0.0108569
0.0108557
0.0108549
0.0108547
0.0108556
0.0108574
0.0108598
0.0108642
0.0108715
0.0108797
0.0108822
0.0108847
0.0108876
0.0108903
0.0108938
0.0108969
0.0108998
0.0109036
0.010908
0.0109129
0.0109181
0.0109239
0.0109301
0.0109364
0.0109427
0.0109488
0.0109552
0.0109619
0.0109693
0.0109762
0.0109843
0.0109939
0.0110046
0.0110162
0.0110284
0.0110413
0.0110542
0.0110669
0.011079
0.011091
0.0111027
0.0111141
0.0111255
0.0111366
0.0111476
0.0111593
0.0111677
0.0111753
0.0111825
0.0111903
0.0111979
0.0112055
0.0112132
0.0112212
0.0112296
0.0112385
0.0112466
0.0112544
0.0112617
0.0112687
0.0112751
0.0112804
0.011286
0.0112916
0.0112973
0.0113033
0.0113089
0.011315
0.0113224
0.01133
0.0113365
0.0113416
0.0113461
0.0113496
0.0113516
0.0113531
0.0113543
0.011355
0.0113552
0.0113539
0.0113519
0.0113491
0.0113464
0.0113428
0.0113395
0.0113364
0.0113334
0.0113308
0.0113285
0.0113264
0.0113249
0.011323
0.0113211
0.0113195
0.0113181
0.0113163
0.0113137
0.0113104
0.0113072
0.0113042
0.0113005
0.0112954
0.0112909
0.0112878
0.0112856
0.0112837
0.0112824
0.0112799
0.011277
0.011274
0.0112714
0.0112697
0.0112675
0.0112656
0.0112637
0.0112617
0.0112605
0.0112597
0.01126
0.0112579
0.0112559
0.0112543
0.0112529
0.0112516
0.0112501
0.0112481
0.0112462
0.0112443
0.0112419
0.0112395
0.0112369
0.0112338
0.0112302
0.0112256
0.0112202
0.0112142
0.0112085
0.0112024
0.0111954
0.0111881
0.0111803
0.0111722
0.0111641
0.0111557
0.0111462
0.0111367
0.0111277
0.0111186
0.0111099
0.0111017
0.0110934
0.0110856
0.011079
0.0110732
0.0110679
0.0110633
0.0110594
0.011056
0.0110521
0.0110484
0.0110456
0.011043
0.0110404
0.0110376
0.0110343
0.0110308
0.0110266
0.0110223
0.0110178
0.0110135
0.0110096
0.0110059
0.011002
0.0109982
0.0109929
0.0109871
0.010981
0.0109748
0.0109683
0.0109618
0.010955
0.0109479
0.0109409
0.0109343
0.010928
0.010922
0.0109158
0.0109085
0.0109029
0.0108963
0.0108904
0.010885
0.0108789
0.0108737
0.0108692
0.0108654
0.0108638
0.0108631
0.0108633
0.0108647
0.0108672
0.01087
0.0108761
0.0108836
0.0108914
0.0109003
0.0109105
0.0109211
0.0109323
0.0109447
0.0109582
0.0109729
0.0109885
0.0110052
0.0110227
0.0110404
0.0110578
0.0110744
0.0110909
0.0111077
0.0111251
0.0111395
0.0111441
0.0111545
0.0111677
0.0111821
0.0111968
0.0112114
0.0112257
0.0112399
0.0112531
0.0112656
0.0112778
0.0112892
0.0112996
0.0113087
0.0113159
0.0113216
0.0113273
0.0113325
0.0113379
0.0113432
0.0113489
0.0113526
0.0113542
0.0113541
0.0113517
0.0113475
0.0113381
0.0113284
0.0113194
0.0113092
0.0112967
0.0112829
0.0112682
0.0112544
0.011243
0.0112342
0.011223
0.0112108
0.0111986
0.0111851
0.0111728
0.0111629
0.0111539
0.0111494
0.0111438
0.0111375
0.0111297
0.0111206
0.0111121
0.0111039
0.0110964
0.0110894
0.0110829
0.0110762
0.0110691
0.011062
0.0110542
0.0110463
0.0110379
0.0110341
0.0110329
0.011032
0.0110311
0.0110325
0.0110357
0.0110399
0.0110448
0.0110489
0.0110521
0.0110546
0.0110546
0.0110531
0.0110511
0.0110482
0.0110443
0.0110379
0.0110281
0.0110184
0.0110073
0.0109954
0.010983
0.0109707
0.0109578
0.0109451
0.0109337
0.0109224
0.0109116
0.0109017
0.0108926
0.0108841
0.0108766
0.0108695
0.0108627
0.0108567
0.0108508
0.010845
0.0108384
0.0108318
0.0108261
0.0108205
0.0108153
0.0108113
0.0108082
0.0108057
0.0108044
0.0108045
0.0108083
0.010817
0.0108293
0.0108449
0.0108631
0.0108821
0.0109008
0.0109194
0.010938
0.0109558
0.0109732
0.0109903
0.0110071
0.0110234
0.0110408
0.0110588
0.0110764
0.0110937
0.0111108
0.011127
0.0111427
0.011158
0.0111737
0.0111909
0.0112091
0.0112277
0.0112471
0.0112668
0.0112872
0.0113094
0.0113297
0.0113489
0.0113687
0.0113887
0.0114087
0.0114286
0.0114482
0.0114727
0.0114971
0.0115203
0.0115433
0.011566
0.0115858
0.0116064
0.0116244
0.0116409
0.0116576
0.0116768
0.0116994
0.0117184
0.0117277
0.0117432
0.0117571
0.0117644
0.0117859
0.0118063
0.0118189
0.0118254
0.0118298
0.0118318
0.0118301
0.0118257
0.0118193
0.0118121
0.011804
0.0117949
0.0117855
0.0117768
0.0117693
0.0117645
0.0117634
0.0117658
0.0117709
0.0117774
0.011784
0.0117915
0.0117926
0.0117888
0.0117826
0.0117766
0.0117723
0.0117696
0.0117682
0.0117673
0.0117626
0.0117545
0.0117514
0.0117508
0.0117518
0.0117523
0.0117517
0.011749
0.0117452
0.0117407
0.0117353
0.0117307
0.0117281
0.0117267
0.0117263
0.0117272
0.0117308
0.0117355
0.0117415
0.0117482
0.0117554
0.0117626
0.0117694
0.0117765
0.0117838
0.0117916
0.0117996
0.0118088
0.011819
0.0118317
0.0118458
0.0118567
0.0118667
0.0118772
0.0118846
0.011892
0.011897
0.0118966
0.0118907
0.0118847
0.0118744
0.0118558
0.0118325
0.0118077
0.0117836
0.0117609
0.0117403
0.0117225
0.0117078
0.0116964
0.0116874
0.0116843
0.0116868
0.0116942
0.011704
0.0117155
0.0117266
0.0117334
0.0117349
0.011731
0.0117201
0.0117062
0.0116902
0.0116744
0.01166
0.0116492
0.0116428
0.0116388
0.0116367
0.0116348
0.0116318
0.0116292
0.0116264
0.0116212
0.0116196
0.0116192
0.0116186
0.0116181
0.0116172
0.0116158
0.0116145
0.0116131
0.0116115
0.0116108
0.0116127
0.0116174
0.011626
0.011639
0.0116563
0.0116775
0.0117014
0.0117269
0.0117536
0.0117808
0.0118078
0.0118348
0.011861
0.0118858
0.0119088
0.0119311
0.011953
0.0119737
0.0119919
0.0120125
0.0120304
0.0120453
0.0120573
0.0120662
0.0120738
0.0120906
0.0121146
0.0121353
0.0121527
0.0121694
0.012184
0.012198
0.0122136
0.0122292
0.0122467
0.0122664
0.0122853
0.0123028
0.0123194
0.0123349
0.0123492
0.0123623
0.0123745
0.0123865
0.012399
0.0124125
0.0124255
0.0124368
0.0124454
0.0124517
0.0124564
0.012461
0.0124658
0.0124714
0.0124768
0.0124822
0.0124849
0.0124919
0.0124944
0.0125046
0.0124969
0.0125168
0.0125028
0.0125525
0.0125248
0.0125584
0.0125518
0.0125839
0.0125634
0.0126062
0.0125846
0.0126173
0.0126138
0.0126539
0.0126463
0.012676
0.0126787
0.0127116
0.0127158
0.0127428
0.0127488
0.0127742
0.0127838
0.0128057
0.0128195
0.0128412
0.0128633
0.0128934
0.0129167
0.01294
0.0129706
0.0129979
0.0130241
0.0130506
0.0130853
0.0131037
0.0131193
0.0131264
0.0131502
0.0131693
0.0131886
0.0131905
0.0131896
0.0131823
0.013169
0.0131505
0.0131284
0.0131088
0.0130972
0.0130926
0.013094
0.0130975
0.0130991
0.0130987
0.0130961
0.0130909
0.0130847
0.0130785
0.0130719
0.0130642
0.0130545
0.0130449
0.0130286
0.0130114
0.0129975
0.0129938
0.012985
0.0129734
0.0129631
0.012945
0.0129481
0.0129511
0.0129602
0.0129731
0.0129849
0.0129922
0.012995
0.0129948
0.0129918
0.012986
0.01298
0.0129764
0.0129748
0.0129758
0.0129793
0.0129836
0.0129853
0.0129878
0.0129877
0.0129838
0.0129813
0.0129773
0.012971
0.0129678
0.0129586
0.0129601
0.0129489
0.0129434
0.0129383
0.0129351
0.0129562
0.0129349
0.0129335
0.0129365
0.0129402
0.0129433
0.0129465
0.0129508
0.0129548
0.0129601
0.0129644
0.0129696
0.0129709
0.013013
0.0129804
0.0129704
0.0129771
0.0129975
0.0129827
0.0129748
0.0129764
0.0129769
0.0130156
0.0129731
0.0129562
0.0129541
0.0129923
0.0129366
0.0129152
0.0129153
0.012961
0.012904
0.0128899
0.0128944
0.012948
0.0128941
0.0128866
0.0128981
0.0129566
0.0128974
0.0128859
0.0128947
0.0129509
0.0128851
0.012878
0.0128919
0.0129547
0.0128858
0.0128869
0.0129046
0.0129647
0.0129029
0.0129118
0.0129361
0.0129332
0.0130204
0.0129407
0.0129497
0.0129741
0.0129694
0.0130539
0.0129841
0.01299
0.0130059
0.0130134
0.0130653
0.0130391
0.0130464
0.0131114
0.0130691
0.0130718
0.0130842
0.0131566
0.0131442
0.0131589
0.0131661
0.013219
0.0132065
0.0132159
0.0132234
0.0132773
0.0132646
0.0132629
0.0132521
0.0132858
0.0132789
0.0132753
0.0132646
0.0132924
0.0133068
0.013303
0.0132911
0.0132858
0.0133083
0.0132903
0.0132662
0.0132778
0.0132567
0.0132432
0.0132561
0.0132359
0.0132297
0.0132406
0.0132078
0.0131853
0.0131585
0.0131662
0.0131425
0.0131441
0.0131471
0.0131453
0.0131145
0.013093
0.0130736
0.013069
0.0130415
0.013049
0.013026
0.0129977
0.0129812
0.0129872
0.0129722
0.0129556
0.0129451
0.0129733
0.0129416
0.0129241
0.0129101
0.0129153
0.0128861
0.012866
0.0128431
0.0128587
0.0128133
0.0127932
0.0127751
0.0127704
0.0127457
0.012728
0.012749
0.012708
0.0126961
0.012689
0.0126872
0.0126847
0.0126771
0.0127013
0.0126768
0.0126706
0.0126717
0.0126963
0.0126966
0.0126948
0.0127042
0.0127165
0.0127379
0.0127453
0.0127552
0.0127847
0.0127965
0.0127965
0.0128045
0.012829
0.0128375
0.0128369
0.012851
0.0128797
0.0128819
0.0128832
0.0128973
0.0129323
0.012921
0.0129203
0.012934
0.0129744
0.0129542
0.0129562
0.0129724
0.0130244
0.0129969
0.0130048
0.01303
0.0130954
0.0130613
0.0130729
0.0130872
0.0131446
0.0130903
0.0131002
0.0131237
0.0132013
0.0131535
0.0131714
0.0131963
0.0132608
0.0131979
0.0132018
0.0132159
0.0132816
0.0132126
0.0132179
0.0132335
0.0132768
0.0132403
0.0132539
0.0132947
0.0132841
0.0133036
0.0133855
0.0133426
0.0133609
0.0133864
0.0134534
0.0134224
0.0134396
0.0134648
0.0135316
0.0134974
0.0135104
0.0135298
0.0135458
0.0135589
0.0136294
0.0135951
0.0136081
0.0136274
0.0136941
0.0136723
0.0136919
0.0137123
0.0137749
0.0137484
0.013755
0.0137631
0.0138186
0.013782
0.0137733
0.013762
0.0137975
0.0137591
0.0137457
0.0137322
0.0137611
0.0137385
0.0137267
0.0137145
0.013734
0.0137299
0.0137197
0.0137043
0.0137053
0.0137006
0.0136845
0.013677
0.0136963
0.0137024
0.0136935
0.0136893
0.0136918
0.013696
0.0136832
0.0136714
0.0136664
0.0136701
0.0136812
0.0136784
0.01367
0.0136663
0.0136708
0.0136745
0.0136725
0.0136816
0.0136824
0.0136855
0.0137029
0.0137025
0.0137074
0.013731
0.0137217
0.0137226
0.0137277
0.0137295
0.0137458
0.0137391
0.0137374
0.0137435
0.0137328
0.0137261
0.0137249
0.0137161
0.013708
0.0136971
0.0136879
0.0136785
0.0136701
0.0136613
0.0136515
0.0136432
0.0136333
0.0136255
0.0136141
0.0136057
0.013595
0.013589
0.0135796
0.0135733
0.0135627
0.0135572
0.0135507
0.0135508
0.0135466
0.0135462
0.0135444
0.0135462
0.0135466
0.0135503
0.0135518
0.0135541
0.0135552
0.0135583
0.0135607
0.0135627
0.0135641
0.0135668
0.0135692
0.0135726
0.013577
0.0135827
0.0135886
0.0135954
0.0136025
0.0136106
0.0136185
0.0136264
0.0136368
0.0136497
0.0136643
0.0136814
0.0137007
0.0137226
0.0137467
0.0137729
0.0138005
0.0138293
0.0138602
0.0138924
0.0139254
0.013959
0.0139929
0.0140275
0.0140632
0.0140988
0.0141347
0.0141704
0.0142063
0.0142412
0.0142752
0.0143079
0.0143409
0.0143729
0.0144039
0.0144331
0.0144617
0.0144884
0.0145135
0.0145378
0.0145602
0.0145791
0.0145945
0.0146047
0.0146156
0.0146239
0.014631
0.0146385
0.0146464
0.014654
0.0146611
0.014664
0.0146653
0.0146623
0.0146587
0.0146515
0.0146451
0.0146352
0.0146273
0.0146166
0.0146086
0.0145965
0.0145885
0.0145772
0.0145704
0.0145589
0.014554
0.0145443
0.0145389
0.0145289
0.014523
0.0145134
0.0145056
0.0144952
0.0144904
0.0144844
0.0144861
0.0144849
0.0144859
0.014481
0.0144789
0.014473
0.014472
0.0144723
0.0144785
0.0144876
0.0145016
0.0145176
0.0145377
0.01456
0.0145862
0.0146117
0.0146372
0.0146621
0.0146862
0.014709
0.014729
0.0147491
0.014769
0.0147892
0.0148093
0.0148289
0.0148472
0.0148626
0.0148762
0.0148892
0.0149011
0.0149132
0.0149255
0.0149362
0.0149459
0.0149549
0.0149629
0.0149698
0.0149748
0.0149783
0.0149801
0.0149807
0.0149799
0.0149786
0.0149769
0.0149738
0.014969
0.0149636
0.0149571
0.0149492
0.0149406
0.0149308
0.0149209
0.0149111
0.0149013
0.0148916
0.0148817
0.0148704
0.0148581
0.0148459
0.0148344
0.0148244
0.0148125
0.0147997
0.014786
0.0147722
0.0147583
0.0147447
0.0147321
0.0147208
0.0147112
0.0147045
0.0147003
0.0146974
0.0146956
0.0146951
0.0146958
0.0146981
0.0147015
0.0147068
0.014714
0.014723
0.0147331
0.014737
0.0147423
0.0147483
0.0147515
0.0147552
0.0147583
0.0147608
0.0147632
0.0147658
0.0147729
0.0147681
0.0147742
0.0147679
0.0147711
0.0147643
0.0147682
0.0147634
0.0147688
0.0147667
0.0147709
0.0147709
0.0147747
0.014776
0.0147791
0.0147802
0.0147823
0.0147826
0.0147816
0.0147768
0.0147612
0.0147436
0.0147285
0.014707
0.0146962
0.0146795
0.0146609
0.0146512
0.0146331
0.0146151
0.014593
0.0145637
0.0145512
0.014538
0.0145186
0.0144851
0.0144788
0.0144745
0.0144612
0.0144802
0.0144656
0.0145022
0.0145028
0.0144926
0.0145349
0.0145418
0.0145658
0.0145617
0.0146035
0.0145523
0.0146179
0.0145903
0.0146561
0.014614
0.0146977
0.0146392
0.0146911
0.0147129
0.0148008
0.0148128
0.0148041
0.0148001
0.0148178
0.0148037
0.014858
0.0148292
0.0149001
0.0149194
0.0149222
0.0149301
0.0149174
0.0148809
0.0149057
0.0148045
0.0148299
0.0148403
0.0148043
0.0147626
0.0147816
0.0147213
0.0147386
0.0147306
0.0146988
0.0147386
0.0147296
0.014793
0.0147648
0.0148888
0.0147776
0.0148963
0.0148736
0.0150005
0.0149927
0.0151303
0.0151553
0.0153032
0.015322
0.015482
0.0155341
0.0156971
0.0157757
0.0159313
0.0160384
0.0162139
0.016372
0.0165586
0.0166893
0.0167788
0.0168735
0.0169503
0.0170777
0.0171796
0.0173615
0.0175027
0.0177616
0.0179318
0.0182189
0.018348
0.0186943
0.0189101
0.0194395
0.0197812
0.0204087
0.0207815
0.021494
0.0219076
0.0224937
0.0224706
0.0223144
0.0219293
0.0217883
0.0214968
0.0214389
0.0212246
0.0210825
0.0208925
0.0206951
0.0205761
0.0205319
0.0205549
0.0206499
0.0207779
0.0209663
0.0211449
0.0211987
0.0211203
0.0208914
0.020439
0.0200583
0.0197826
0.0194288
0.0190308
0.0185898
0.0181468
0.0176686
0.0172105
0.0168172
0.016512
0.016265
0.0160873
0.0159618
0.0158429
0.0157421
0.0156536
0.0155962
0.0155616
0.015552
0.0155612
0.0155923
0.0156055
0.0156066
0.0155979
0.0156
0.0155919
0.0155796
0.0155602
0.0155338
0.0154937
0.015443
0.0153872
0.0153263
0.0152683
0.0152178
0.0151782
0.0151497
0.0151262
0.0150983
0.0150636
0.0150096
0.0149378
0.0148611
0.0147843
0.0147127
0.0146503
0.0145903
0.0145335
0.0144865
0.0144416
0.014404
0.0143763
0.0143539
0.0143278
0.0142982
0.0142651
0.0142303
0.0141529
0.0141648
0.0140722
0.0140317
0.0139867
0.0139407
0.0138858
0.0138186
0.0137487
0.0136948
0.0136613
0.0136347
0.0136059
0.0135773
0.0135516
0.0135277
0.0135065
0.0134882
0.0134735
0.01346
0.0134482
0.0134369
0.0134266
0.0134179
0.0134093
0.0134013
0.0133914
0.0133809
0.0133636
0.0133424
0.0133207
0.013298
0.0132746
0.0132505
0.013225
0.0131991
0.0131728
0.0131452
0.0131155
0.0130846
0.0130528
0.0130213
0.0129913
0.0129636
0.0129358
0.0129074
0.01288
0.0128535
0.0128276
0.0128007
0.012774
0.0127471
0.0127209
0.0126957
0.012672
0.0126491
0.0126269
0.012606
0.0125868
0.0125682
0.0125509
0.0125343
0.0125183
0.0125024
0.0124858
0.0124691
0.0124518
0.0124344
0.0124176
0.0124022
0.0123881
0.0123755
0.0123641
0.0123533
0.0123455
0.0123386
0.0123333
0.0123293
0.0123262
0.0123243
0.0123239
0.0123248
0.0123273
0.0123309
0.0123355
0.0123413
0.0123479
0.0123553
0.0123637
0.0123727
0.0123827
0.0123932
0.0124046
0.0124158
0.0124278
0.0124404
0.0124531
0.0124655
0.0124782
0.012491
0.0125031
0.0125154
0.012528
0.0125402
0.0125521
0.0125632
0.0125737
0.0125828
0.0125915
0.0125987
0.0126041
0.012607
0.0126067
0.0126041
0.0126
0.0125944
0.012588
0.0125805
0.0125722
0.0125628
0.0125529
0.0125423
0.0125305
0.0125175
0.0125035
0.0124883
0.0124725
0.0124571
0.0124414
0.0124254
0.0124104
0.0123957
0.0123811
0.0123672
0.0123539
0.0123411
0.0123285
0.0123168
0.0123063
0.0122964
0.0122863
0.012277
0.0122681
0.0122603
0.0122528
0.0122455
0.0122371
0.0122291
0.0122216
0.0122181
0.0122087
0.0122021
0.0121964
0.01219
0.0121837
0.012177
0.0121693
0.0121615
0.0121535
0.0121462
0.0121402
0.0121348
0.0121299
0.0121256
0.0121222
0.0121193
0.0121167
0.0121143
0.012112
0.0121092
0.012105
0.0120991
0.0120919
0.0120836
0.0120751
0.012065
0.0120536
0.0120408
0.0120265
0.0120111
0.0119948
0.0119774
0.0119592
0.01194
0.0119201
0.0118993
0.011878
0.0118557
0.0118333
0.0118095
0.0117906
0.0117664
0.0117533
0.0117209
0.0116924
0.0116682
0.011663
0.0116288
0.0115986
0.0115998
0.0115679
0.0115404
0.0115447
0.0115155
0.0114915
0.0114985
0.0114731
0.0114525
0.0114616
0.0114398
0.0114213
0.0114245
0.01141
0.0113965
0.0114059
0.0113919
0.0113784
0.011377
0.0113724
0.0113714
0.0113638
0.0113535
0.0113563
0.0113526
0.0113444
0.0113442
0.0113433
0.0113409
0.0113415
0.0113387
0.0113404
0.0113356
0.011337
0.0113328
0.0113331
0.0113289
0.0113282
0.011325
0.0113234
0.011321
0.0113198
0.0113183
0.0113166
0.0113149
0.0113134
0.0113121
0.0113101
0.0113078
0.0113056
0.0113029
0.0112999
0.0112968
0.0112934
0.0112896
0.0112858
0.0112825
0.011279
0.0112745
0.0112697
0.0112657
0.011261
0.0112616
0.0112536
0.0112447
0.011236
0.0112277
0.0112194
0.0112117
0.0112051
0.0111982
0.0111939
0.0111918
0.0111846
0.0111789
0.0111721
0.0111679
0.0111656
0.0111607
0.0111564
0.0111533
0.0111508
0.0111484
0.0111456
0.011143
0.0111405
0.0111383
0.0111344
0.0111296
0.0111239
0.011118
0.0111116
0.0111051
0.0110977
0.0110897
0.0110824
0.0110756
0.0110688
0.0110621
0.0110552
0.0110483
0.0110456
0.0110365
0.0110273
0.0110188
0.0110101
0.0110013
0.0109933
0.0109856
0.0109783
0.0109711
0.0109641
0.0109573
0.0109501
0.0109433
0.0109373
0.0109311
0.010926
0.0109215
0.0109174
0.0109145
0.0109125
0.0109107
0.0109089
0.0109073
0.0109054
0.0109035
0.0109018
0.0109001
0.0108981
0.0108953
0.0108919
0.0108879
0.0108836
0.0108789
0.0108743
0.0108695
0.0108643
0.0108583
0.0108521
0.0108456
0.010839
0.0108322
0.0108252
0.0108179
0.0108103
0.0108024
0.0107944
0.0107858
0.0107773
0.0107689
0.0107607
0.0107528
0.0107454
0.0107385
0.0107323
0.0107266
0.010721
0.0107158
0.010711
0.0107065
0.0107021
0.0106983
0.0106949
0.0106922
0.0106901
0.0106885
0.0106873
0.0106865
0.0106856
0.0106848
0.0106841
0.0106835
0.0106832
0.0106833
0.0106836
0.010684
0.0106841
0.010684
0.0106838
0.010684
0.010684
0.0106837
0.0106832
0.0106824
0.010681
0.0106789
0.0106762
0.0106731
0.0106694
0.010665
0.01066
0.0106546
0.0106488
0.0106426
0.0106359
0.0106288
0.0106213
0.0106135
0.0106056
0.0105976
0.0105891
0.0105803
0.0105711
0.0105615
0.0105517
0.0105417
0.0105316
0.0105216
0.0105116
0.0105007
0.0104901
0.0104789
0.0104665
0.0104545
0.0104425
0.0104329
0.0104204
0.0104079
0.0103972
0.0103906
0.0103784
0.0103666
0.010357
0.0103509
0.0103415
0.0103328
0.0103258
0.01033
0.0103194
0.01031
0.0103052
0.0103012
0.010302
0.0102964
0.0102914
0.0102888
0.0102918
0.0102874
0.0102833
0.0102814
0.0102835
0.0102795
0.0102754
0.0102733
0.0102712
0.0102721
0.0102681
0.0102625
0.0102587
0.0102543
0.0102505
0.0102446
0.0102376
0.0102387
0.0102294
0.01022
0.0102141
0.0102063
0.0101977
0.0101907
0.0101842
0.0101777
0.0101717
0.0101656
0.0101589
0.010151
0.0101448
0.0101387
0.0101326
0.0101262
0.0101204
0.0101144
0.0101178
0.0101108
0.0101052
0.0101003
0.0100966
0.0100936
0.0100913
0.0100895
0.0100916
0.0100899
0.0100893
0.0100891
0.0100896
0.0100906
0.010092
0.0100937
0.0100956
0.0100975
0.0100993
0.0101015
0.0101041
0.0101129
0.0101089
0.0101169
0.010116
0.0101196
0.0101271
0.0101285
0.0101328
0.0101399
0.0101422
0.0101467
0.0101536
0.0101561
0.010162
0.0101648
0.0101695
0.0101721
0.0101755
0.0101773
0.0101792
0.0101797
0.0101799
0.0101798
0.0101793
0.0101786
0.0101776
0.0101762
0.0101744
0.0101721
0.0101697
0.0101671
0.0101635
0.0101591
0.0101538
0.0101477
0.010141
0.0101336
0.0101257
0.010117
0.0101067
0.0100959
0.0100848
0.010073
0.01006
0.0100472
0.0100339
0.0100204
0.0100075
0.00999559
0.00998401
0.00997292
0.00996199
0.00995098
0.00994019
0.00992983
0.00991949
0.00990934
0.00989966
0.00989037
0.00988139
0.00987263
0.00986416
0.0098559
0.00984739
0.00983867
0.00983023
0.00982203
0.0098144
0.00980649
0.00979901
0.00979189
0.00978499
0.00977818
0.0097716
0.00976526
0.00975933
0.00975307
0.00974655
0.00973994
0.00973305
0.00972606
0.00971888
0.00971172
0.00970451
0.00969717
0.0096899
0.00968274
0.00967591
0.0096693
0.0096626
0.00965525
0.00964903
0.00964321
0.009638
0.00963333
0.00962916
0.0096253
0.00962051
0.00961666
0.0096141
0.00961191
0.00961002
0.00960858
0.00960746
0.00960644
0.00960547
0.00960555
0.0096061
0.00960705
0.00960683
0.00960689
0.00960725
0.00960862
0.00961102
0.00961433
0.00961824
0.00962244
0.00962669
0.00963052
0.00963409
0.00963712
0.00963954
0.00964145
0.00964289
0.00964409
0.00964462
0.00964413
0.00964247
0.00964025
0.00963741
0.009634
0.00962996
0.00962487
0.00961856
0.00961228
0.00960592
0.00959966
0.00959352
0.00958711
0.00958052
0.00957389
0.00956708
0.00955991
0.00955218
0.00954397
0.00953526
0.00952629
0.00951731
0.00950813
0.00949903
0.00948952
0.00948059
0.00947096
0.00946037
0.00944954
0.009437
0.00942674
0.00941636
0.00940628
0.00939621
0.00938587
0.00937517
0.00936488
0.00935528
0.00934592
0.00933698
0.00932754
0.00931842
0.00930944
0.00930142
0.00929445
0.00928839
0.00928299
0.00927849
0.00927465
0.00927128
0.00926881
0.00926706
0.00926584
0.00926536
0.0092652
0.00926622
0.00926809
0.00927048
0.00927322
0.00927626
0.0092794
0.00928271
0.00928617
0.00928959
0.00929262
0.0092952
0.00929713
0.00929839
0.00929904
0.00929908
0.00929858
0.00929721
0.00929537
0.00929302
0.00928981
0.00928595
0.00928182
0.00927723
0.00927274
0.00926752
0.00926259
0.00925698
0.00925146
0.0092455
0.00923976
0.00923345
0.00922776
0.00922155
0.00921596
0.00920977
0.00920421
0.00919824
0.00919304
0.00918723
0.00918199
0.00917596
0.00916867
0.0091608
0.00915354
0.00914575
0.00913828
0.00913038
0.00912243
0.00911406
0.00910577
0.00909701
0.00908765
0.00907852
0.00906981
0.00906072
0.00905175
0.00904314
0.00903473
0.00902653
0.00901849
0.00901053
0.00900268
0.00899456
0.00898675
0.00897951
0.00897282
0.00896613
0.00895984
0.00895393
0.00894771
0.00894183
0.00893642
0.00893122
0.00892619
0.00892118
0.00891639
0.00891172
0.00890742
0.00890342
0.00889974
0.00889653
0.00889353
0.00889025
0.00888727
0.00888473
0.00888257
0.00888081
0.00887947
0.00887842
0.00887766
0.00887729
0.00887726
0.0088777
0.00887835
0.00887926
0.00888029
0.00888123
0.00888235
0.00888356
0.00888461
0.0088857
0.00888682
0.00888817
0.0088898
0.00889148
0.0088932
0.00889532
0.00889756
0.00889975
0.00890204
0.00890438
0.00890666
0.00890861
0.00891003
0.00891117
0.0089124
0.00891385
0.00891548
0.00891732
0.00891933
0.00892147
0.00892389
0.00892655
0.00892921
0.00893194
0.0089348
0.00893802
0.00894155
0.00894529
0.00894937
0.00895401
0.00895883
0.0089638
0.00896869
0.00897379
0.00897861
0.00898353
0.00898844
0.00899327
0.008998
0.00900274
0.00900731
0.00901172
0.00901603
0.00902016
0.00902405
0.00902771
0.00903117
0.00903476
0.00903831
0.00904133
0.00904414
0.00904683
0.00904933
0.00905156
0.00905362
0.00905528
0.00905679
0.00905834
0.00906014
0.00906199
0.00906398
0.00906601
0.0090681
0.00907039
0.00907259
0.00907416
0.00907533
0.00907649
0.00907756
0.00907875
0.00908042
0.00908243
0.00908464
0.00908702
0.00908967
0.00909258
0.00909561
0.00909871
0.00910177
0.00910481
0.00910849
0.0091109
0.00911349
0.0091155
0.00911731
0.00911885
0.0091199
0.00912053
0.00912078
0.00912057
0.00912024
0.0091191
0.00911784
0.0091164
0.00911453
0.00911245
0.00911001
0.00910727
0.00910454
0.00910107
0.00909775
0.00909457
0.00909121
0.00908753
0.00908321
0.00907894
0.00907476
0.00907052
0.00906643
0.00906251
0.00905886
0.00905537
0.00905173
0.00904781
0.00904418
0.00904056
0.00903702
0.0090337
0.00903064
0.00902781
0.00902511
0.00902276
0.00902091
0.00901951
0.00901865
0.00901836
0.00901877
0.00901932
0.00902075
0.00902276
0.00902506
0.0090278
0.00903102
0.00903473
0.00903869
0.00904278
0.00904729
0.00905212
0.00905749
0.00906288
0.00906848
0.00907415
0.0090801
0.00908631
0.00909252
0.00909858
0.00910457
0.00911036
0.00911608
0.00912151
0.00912653
0.00913067
0.00913461
0.00913859
0.00914226
0.00914524
0.00914765
0.00914976
0.00915167
0.00915321
0.0091544
0.00915505
0.0091553
0.0091551
0.00915454
0.00915367
0.00915264
0.00915147
0.00915003
0.00914835
0.00914653
0.00914454
0.00914264
0.00914068
0.00913849
0.00913619
0.009134
0.00913183
0.00912958
0.00912737
0.00912517
0.00912311
0.00912109
0.0091189
0.00911679
0.00911447
0.00911204
0.00911097
0.00910819
0.00910543
0.00910278
0.00910015
0.00909749
0.00909481
0.00909198
0.00908915
0.00908642
0.0090839
0.00908141
0.00907899
0.00907667
0.0090746
0.00907249
0.00907049
0.00906867
0.00906678
0.00906503
0.0090636
0.00906221
0.00906086
0.00905935
0.00905768
0.00905638
0.00905647
0.00905537
0.00905563
0.0090556
0.00905609
0.0090568
0.0090585
0.00905978
0.0090617
0.00906407
0.00906684
0.00907523
0.00907312
0.00907641
0.00908393
0.00908388
0.00909118
0.00909525
0.00909963
0.00910584
0.00911132
0.00911704
0.00912332
0.00912996
0.00913721
0.00914482
0.00915235
0.00916004
0.00916804
0.0091759
0.00918388
0.00919179
0.00919979
0.00920781
0.00921673
0.00922492
0.00923379
0.00924203
0.00925068
0.00925887
0.0092683
0.00927674
0.00928699
0.00929615
0.00930695
0.00931664
0.00933369
0.00934225
0.00935222
0.00936115
0.0093705
0.00937922
0.00938803
0.00939654
0.00940406
0.00941537
0.00942181
0.00942829
0.00943431
0.00944048
0.00944513
0.00944984
0.00945368
0.00945722
0.00945992
0.00946241
0.00946422
0.00946529
0.00946655
0.00946681
0.00946765
0.00946727
0.00946763
0.00946662
0.00946641
0.00947014
0.00946759
0.0094638
0.00946219
0.00945879
0.00945785
0.00945443
0.00945429
0.00945233
0.00945221
0.00944979
0.00945156
0.00945316
0.00945483
0.00945273
0.00945698
0.00946502
0.00946786
0.00946589
0.0094712
0.00948027
0.0094894
0.00949408
0.00950341
0.00951173
0.00952124
0.00952786
0.0095382
0.00954866
0.00955858
0.00956504
0.0095777
0.00959261
0.00960406
0.0096118
0.00962645
0.00964377
0.00965644
0.00966615
0.0096814
0.00969717
0.00970945
0.00971923
0.0097322
0.00974476
0.00975461
0.0097629
0.00977229
0.00978151
0.00978897
0.00979576
0.00980185
0.00980755
0.00981166
0.00981589
0.0098193
0.00982247
0.00982479
0.00982628
0.00982708
0.00982699
0.00982669
0.00982552
0.00982444
0.00982262
0.00982018
0.00981671
0.00981433
0.00981171
0.00980873
0.00980457
0.00980164
0.00979683
0.00979269
0.00978632
0.00978105
0.00977375
0.00976844
0.00976184
0.0097563
0.00975047
0.00974493
0.00973921
0.00973485
0.00973088
0.00972712
0.00972357
0.0097274
0.00972839
0.00974009
0.00974463
0.00976282
0.00977257
0.00979774
0.00981279
0.00984337
0.00986479
0.0099024
0.00993359
0.00998145
0.0100238
0.0100758
0.0101218
0.0101798
0.0102166
0.0102519
0.0102802
0.0103063
0.0103622
0.0104262
0.0105336
0.010615
0.0107451
0.0108224
0.0109214
0.0109143
0.0109466
0.0108909
0.0109405
0.0108907
0.0110011
0.0109595
0.0111048
0.0110605
0.011198
0.0111348
0.0112648
0.0111752
0.0111983
0.0111648
0.0113545
0.0112103
0.0111376
0.0113438
0.0112155
0.011125
0.0113012
0.0112004
0.0111027
0.0112568
0.0111783
0.0110825
0.01122
0.0111569
0.0110608
0.0111839
0.0111378
0.0110362
0.0111456
0.0111239
0.0110184
0.0111152
0.0111075
0.0110074
0.0110934
0.0110954
0.0110022
0.0110833
0.0110879
0.0110027
0.0110845
0.0110861
0.0110107
0.0110971
0.0110906
0.011027
0.0111226
0.0111124
0.0110575
0.0111643
0.0111467
0.0110952
0.0112066
0.0111849
0.0111316
0.0112389
0.0112233
0.0111659
0.0112692
0.011271
0.0112112
0.0113094
0.011327
0.011271
0.011367
0.011386
0.0113289
0.0113869
0.0114295
0.0114172
0.011458
0.011538
0.0115542
0.0115242
0.0116208
0.0116286
0.0115904
0.0116566
0.011683
0.0116473
0.0116719
0.0117017
0.011749
0.0117584
0.0117191
0.0117471
0.0117736
0.0118226
0.0118302
0.0118176
0.0118392
0.0119105
0.0119042
0.0118764
0.0118948
0.011954
0.0119477
0.0119216
0.0119347
0.0119685
0.0119671
0.011958
0.0119682
0.0119859
0.0119898
0.0119882
0.0119951
0.0119973
0.0120054
0.0120023
0.0120132
0.0120094
0.0120209
0.0120173
0.0120271
0.0120232
0.0120308
0.0120272
0.0120334
0.0120293
0.0120336
0.0120257
0.0120249
0.0120112
0.0120079
0.0119916
0.0119887
0.0119694
0.0119615
0.0119467
0.0119378
0.0119281
0.0119162
0.0119096
0.0118958
0.0118896
0.0118798
0.0118716
0.0118689
0.011858
0.0118632
0.0118513
0.0118636
0.0118516
0.0118684
0.0118561
0.0118772
0.0118672
0.0118907
0.0118822
0.0119122
0.011907
0.0119363
0.011936
0.0119616
0.0119703
0.0119911
0.0120073
0.0120241
0.0120426
0.0120596
0.0120796
0.0120962
0.0121155
0.0121314
0.0121473
0.0121623
0.0121783
0.0121947
0.0122128
0.0122327
0.0122548
0.0122775
0.0123019
0.0123264
0.0123543
0.0123838
0.0124134
0.0124433
0.0124741
0.012505
0.0125347
0.0125627
0.0125872
0.0126077
0.0126246
0.0126384
0.01265
0.0126599
0.01267
0.0126785
0.0126856
0.0126918
0.0126956
0.0126984
0.0127009
0.0127036
0.0127082
0.0127148
0.0127228
0.0127325
0.0127418
0.0127511
0.0127614
0.0127682
0.0127633
0.0127594
0.0127564
0.0127539
0.0127516
0.0127492
0.0127471
0.0127461
0.0127463
0.012748
0.0127508
0.0127558
0.0127637
0.0127751
0.0127898
0.0128083
0.0128307
0.0128565
0.0128854
0.0129175
0.0129531
0.0129923
0.0130336
0.0130768
0.013118
0.013159
0.0132004
0.0132431
0.0132863
0.0133295
0.0133724
0.0134137
0.013454
0.0134911
0.0135266
0.0135599
0.0135905
0.0136179
0.0136427
0.013663
0.013678
0.0136905
0.0137
0.0137073
0.0137128
0.0137168
0.0137194
0.0137208
0.013722
0.0137212
0.01372
0.0137193
0.0137189
0.0137194
0.0137198
0.0137206
0.0137228
0.0137272
0.0137337
0.0137423
0.0137529
0.013765
0.0137801
0.0137979
0.013818
0.013841
0.0138658
0.0138923
0.0139197
0.0139482
0.0139773
0.0140051
0.0140373
0.0140712
0.0141044
0.014136
0.0141657
0.0141937
0.0142197
0.0142435
0.0142641
0.0142824
0.0142977
0.0143111
0.0143229
0.0143323
0.0143414
0.0143516
0.0143635
0.0143764
0.0143882
0.0144024
0.0144185
0.0144372
0.0144601
0.0144863
0.0145139
0.0145438
0.0145776
0.0146148
0.0146538
0.0146952
0.0147373
0.0147802
0.014823
0.0148652
0.0149065
0.0149454
0.0149838
0.0150222
0.0150572
0.015091
0.0151335
0.0151802
0.0152102
0.0152322
0.0152506
0.0152645
0.0152744
0.0152794
0.0152793
0.0152733
0.0152624
0.0152478
0.0152303
0.0152109
0.0151909
0.015171
0.0151519
0.0151352
0.0151224
0.0151148
0.0151124
0.0151172
0.0151299
0.0151504
0.0151801
0.0152176
0.0152604
0.0153099
0.015367
0.0154309
0.0155
0.0155723
0.0156489
0.0157282
0.0158138
0.0159111
0.0160142
0.0160729
0.0161398
0.0162022
0.0162682
0.016328
0.0163939
0.0164456
0.0165031
0.0165442
0.0165907
0.0166201
0.0166638
0.0166852
0.0167254
0.016744
0.0167458
0.0167982
0.0168499
0.016855
0.0168834
0.0169815
0.0170319
0.0170784
0.0171501
0.0172438
0.017331
0.0174162
0.0175204
0.0176349
0.0177515
0.0178649
0.0179916
0.0181228
0.0182674
0.0184029
0.0185457
0.01868
0.0188189
0.018945
0.0190678
0.0191842
0.0192913
0.0193674
0.0194383
0.0195012
0.0195502
0.0195773
0.019599
0.019604
0.019602
0.019581
0.0195582
0.0195219
0.0194883
0.0194428
0.0194072
0.0193693
0.0193451
0.0193265
0.0193275
0.0193397
0.0193741
0.0194136
0.0194766
0.0195493
0.0196399
0.0197402
0.0198525
0.0199671
0.0200927
0.0202184
0.0203522
0.0204756
0.0205987
0.0207017
0.0208033
0.0208899
0.0209727
0.0210361
0.0210877
0.0211201
0.0211489
0.0211469
0.0211262
0.0210805
0.0210218
0.0209458
0.02087
0.020792
0.0207213
0.0206582
0.0206286
0.0206316
0.0206662
0.020734
0.0208268
0.0209624
0.0211077
0.0212629
0.0214407
0.021622
0.0218122
0.0220315
0.0222751
0.0224985
0.0227055
0.0229175
0.023097
0.0232109
0.023283
0.0233752
0.0234754
0.0235929
0.0237353
0.0238867
0.02404
0.0241949
0.0243448
0.024477
0.0246064
0.0247525
0.0249242
0.0251416
0.0253942
0.0256642
0.0259129
0.0260939
0.026236
0.0263273
0.0263696
0.026357
0.0262931
0.0261696
0.0260216
0.0258795
0.0257632
0.0256857
0.0256412
0.0256403
0.0257195
0.0258904
0.0261777
0.0265938
0.0271139
0.0276913
0.0282544
0.0287353
0.0291351
0.0294746
0.0297786
0.0300435
0.0302786
0.0304788
0.0306286
0.0307337
0.0308031
0.0308558
0.030915
0.030956
0.0309899
0.0310185
0.0310685
0.0311496
0.0312688
0.0313851
0.0314678
0.0315473
0.0317218
0.0320389
0.0324611
0.0329335
0.0333834
0.0337822
0.0340907
0.0343301
0.0345267
0.0347057
0.0349228
0.0351622
0.0354649
0.0358227
0.0361442
0.0363113
0.0363619
0.0363315
0.036314
0.0363517
0.036472
0.0367195
0.0370692
0.0374912
0.0379306
0.0383433
0.0386941
0.0389725
0.0391909
0.0394342
0.0396655
0.0400876
0.0408377
0.041927
0.0432411
0.0445834
0.0458158
0.0468002
0.047501
0.0480088
0.0484458
0.0490076
0.0497609
0.0505746
0.0511491
0.0513735
0.051272
0.0508745
0.050445
0.050282
0.0504564
0.0508018
0.0512956
0.0518851
0.0527584
0.0537933
0.0549219
0.0565154
0.0585665
0.0603126
0.0615476
0.0619244
0.0615777
0.0613061
0.0614699
0.0606134
0.0588065
0.0574755
0.0576458
0.0590455
0.0596954
0.0606023
0.0603924
0.0597996
0.0599345
0.0601889
0.0609196
0.0614691
0.060416
0.0590055
0.0573033
0.0559297
0.0555172
0.0556453
0.0560976
0.0556506
0.0536688
0.0524757
0.0525363
0.0523734
0.0501715
0.048552
0.047234
0.046008
0.0452623
0.0452646
0.0462957
0.0463471
0.0458527
0.0455054
0.0452763
0.0444666
0.0445515
0.0452949
0.0465684
0.0474482
0.0484187
0.0478163
0.0464241
0.0450726
0.0433808
0.042735
0.0427966
0.0432121
0.0436652
0.0438299
0.043828
0.0431639
0.0424525
0.0416425
0.040512
0.0400609
0.0397674
0.0394937
0.0388148
0.0386171
0.0379914
0.0374687
0.0369359
0.0364553
0.0358795
0.0352195
0.0345906
0.0339536
0.0333304
0.0327236
0.0321775
0.0316828
0.0312375
0.0308366
0.0303513
0.0299085
0.0294857
0.0290864
0.028714
0.0283746
0.0280752
0.0278043
0.0275539
0.0272783
0.0271419
0.0271036
0.0271343
0.0271979
0.0272763
0.0271829
0.0270983
0.0269894
0.0269064
0.0268084
0.0266748
0.026542
0.0263452
0.0262435
0.0259981
0.0261413
0.0256625
0.0265605
0.0256117
0.0254884
0.0251068
0.026
0.0251772
0.025275
0.0245771
0.0245616
